plateifu gini m20 C A S morph_flag
10001-12702 0.44065235254545615 -0.6015314612116078 1.5653511151615132 0.7936411680049713 0.4439419537748261 0.0
10001-3702 0.46743488217524615 -1.589817524182645 2.426021066031586 0.15591468391683705 0.12488919281002332 0.0
10001-9101 0.3829722433894457 -0.8401936296901918 1.613552708248396 0.7414777088126163 0.175337108457444 0.0
7443-12702 0.4184454959423861 -0.7925379685311622 1.3105796830386343 0.8084324859772286 0.30831428016559825 0.0
7443-12703 0.46985060659886263 -2.0391869270485286 3.341441640715634 0.4703874234506435 0.21892565287099117 0.0
7443-1901 0.524015209662818 -1.3880247197774662 2.3372402677100474 0.3970959992780546 0.08796465620597194 0.0
7443-3701 0.5849201567243788 -0.88707862705881 1.8180941845331968 0.910891196577834 0.17521310859384223 0.0
7443-6101 0.4591958374141521 -0.6910308965536459 1.2221779320760482 0.48328924491027714 0.20952667883233173 0.0
7443-6102 0.3682316559235628 -0.9782513778710273 1.7844655239783007 0.34887208057168784 0.09406193139427937 0.0
7443-9101 0.3927259179074016 -0.9340263892633971 1.513404554858984 0.5973222333860749 0.17937914969613047 0.0
7495-3701 0.3385836209544998 -0.6652575873099136 1.3018300188109606 0.5453628269339467 0.17547726878257802 0.0
7495-6101 0.5540987490582283 -1.2607492638553766 2.2704609578673987 0.4892546941598592 0.25746171312772737 0.0
7495-6102 0.5302787458748544 -1.0676242299163985 2.6447163171149817 0.6922345907379909 0.18532831946261571 0.0
7495-9101 0.5280662021602597 -0.6877260454551043 1.150832662062674 0.8889643437725329 0.40287214131476407 0.0
7815-12703 0.7495056069959962 -0.5041811260018338 2.5753343595284584 1.0525398613790922 0.855444298283944 1.0
7815-3701 0.6287086912985544 -0.5425286578227003 0.9297538755446334 0.5443213770897692 0.28991886823835566 0.0
7815-3702 0.41353585602336757 -1.0940559217391224 1.8406269587033783 0.3105608345061933 0.11409891166638178 0.0
7815-6103 0.3226420964603205 -0.767686361734977 1.5450874314807646 0.42428346805537365 0.16542657409168907 0.0
7815-6104 0.3660284565700226 -1.0993280982815206 2.3131673043756775 0.3185299944867928 0.12198862077597361 0.0
7957-12705 0.3895930337828019 -0.6339908448147415 1.450486652449823 0.571142915607178 0.3665350596720711 0.0
7957-3703 0.5606952392743721 -1.6334069584132918 2.5589363050461857 0.4881478423823419 0.16303470563402803 0.0
7957-3704 0.5197433263982948 -1.3858852106304493 2.322502497846445 0.38127474087028995 0.19498461996251962 1.0
7957-9101 0.3966986565239528 -0.7137345617412102 1.3528010037046103 0.7191166397583794 0.2268605958413653 0.0
7957-9102 0.5384301240069498 -0.7467249984057477 1.2595955538933192 0.847626483058928 0.2444400125942303 0.0
7960-12705 0.3235482475438399 -0.7908730726547517 1.627794772392174 0.4057814789157893 0.2287002901082587 0.0
7960-3704 0.37684882723072827 -0.6014661314119956 1.5622588030408928 0.6544883843238648 0.2252476459018909 0.0
7960-6101 0.4153287204736409 -1.0530343905924853 1.9716513388272892 0.4769892405518487 0.14601553949379403 0.0
7960-6102 0.442488057992462 -0.9325715966644833 1.673358759639354 0.6642209069034252 0.14274163499016712 0.0
7960-9101 0.45197144766840514 -0.8046488417746506 2.034988313472695 0.6845485050629031 0.2751892353694666 0.0
7962-12704 0.5145146225316872 -0.93680002511373 1.8158018328343424 0.7007621863964517 0.22175510817258795 0.0
7962-9101 0.48432627596908545 -1.232315866332264 3.1137823034423833 0.4767952189678085 0.3358056100162497 1.0
7975-12702 0.7564080345096771 -1.5337885609914161 0.8621736285130971 0.7242079398883549 0.4224319213781877 1.0
7975-12705 0.4685001383202833 -0.5629562225083213 1.1441354096343639 0.8321167273283935 0.34937699746263867 0.0
7975-6104 0.5452585535793186 -0.4523933758653071 2.4560300592578166 0.6792664884032424 0.3287067842269421 0.0
7975-9101 0.5101397000543781 -0.6570367392489073 0.899192167119788 0.5194764967705213 0.2552307171305262 0.0
7977-12701 0.6385990617165166 -1.2384558483568378 2.470350553911407 0.745366416496383 0.3186416261716073 0.0
7977-3703 0.37632976246491884 -1.1123455549260242 1.7715928764719968 0.46868362543087727 0.12585787624725106 0.0
7977-3704 0.2868562497142042 -0.6815480220012733 1.2020040967530894 0.3659320276700755 0.19415061538855502 0.0
7977-9102 0.5361377013553061 -0.7080691810698132 1.758180412108096 0.7637269140771539 0.3075157923107071 0.0
7990-3703 0.33545639946635847 -0.837578451026842 1.7081404494115788 0.47712691893807513 0.1384575180381905 0.0
7990-6101 0.5663499406953121 -0.7091989507283326 2.0814085200190187 0.5398420650780055 0.2951950940614963 0.0
7990-6103 0.37608222971851135 -0.7817885271712256 1.2730012484833262 0.6473369760562512 0.15464080267636157 0.0
7990-6104 0.3631118491880302 -0.6521208222395141 1.3403411746316118 0.6817683028229707 0.16761936839371158 0.0
7991-12704 0.4028744996937248 -0.5691165470104316 1.4634339629827362 0.6299397473051833 0.3031514582760233 0.0
7991-12705 0.6882585617296925 -0.9439369507482418 0.8541202061631925 1.140987322340715 0.6637155502760427 0.0
7992-1901 0.3332438632214789 -0.9871214265337975 1.669786408474194 0.34670258051337366 0.10668946466094294 0.0
7992-3702 0.36779792280126095 -0.7724929520825649 1.5127611542194241 0.4251052493130502 0.17399943191773415 0.0
7992-6101 0.4056156309343147 -0.8764513978908787 1.485623384370385 0.5376432243393855 0.19970456490841587 0.0
8077-12701 0.478826331040583 -0.664065878507297 1.4193064328016485 0.8138395527015112 0.34692754343132504 0.0
8077-3702 0.5463359427520608 -1.5436198882320495 2.4245775339672755 0.1986793213309098 0.15879455958845448 0.0
8077-3704 0.44890730898157016 -1.2885225654343466 2.1963363348591396 0.2955324303774659 0.14889324919425767 0.0
8077-6104 0.3684140876816127 -0.6138714328277894 1.1193463972602788 0.5531506889875449 0.2538708678312291 0.0
8078-3702 0.4067259843375368 -0.5910853050872753 1.4167034133390974 0.6432883174391542 0.22759503370843787 1.0
8078-3703 0.35587679262395644 -1.229956401099555 1.9289392002157877 0.47340792592367176 0.13988870539229578 0.0
8078-3704 0.36262654137115913 -0.6048350607140631 1.3019701169726532 0.5832344353084766 0.24949590038611957 0.0
8078-6103 0.4373342241111935 -0.6170293851009022 1.0706682713811708 0.43667240841769567 0.1974388826743597 1.0
8081-12702 0.725862709493921 -0.8347193015384697 3.1964387984362883 1.2200181413594098 0.49692208495391016 1.0
8081-1902 0.3363658041801051 -1.5369391189066157 2.0748582228880226 0.330740513456948 0.11382023121297163 0.0
8081-3702 0.6644613697626719 -0.45752369267207393 1.8002526721639212 0.9720955598573316 0.6044226830162867 1.0
8081-3704 0.42624238180426277 -0.9511796712673815 1.9709042085312785 0.45513450896383545 0.15958943101603232 0.0
8081-6103 0.36193195307054565 -0.7973448484130911 1.8659692356959625 0.5779555886962586 0.2122442604432531 0.0
8081-6104 0.7336278760186244 -0.5892922052949492 1.5121981087224878 0.6512875771720191 0.06099212024437232 1.0
8081-9101 0.4973269086435136 -0.7215936406551412 2.0331144393705505 0.4452376420310656 0.20972572352319285 0.0
8082-6101 0.6106438737763488 -0.84241715553588 2.6238779208717924 0.8304551166572598 0.493933921244944 0.0
8082-6103 0.37075690500706443 -0.8225747717861042 1.7185206755380849 0.5805233256751539 0.14307783729793844 0.0
8082-9101 0.500133080192061 -0.8027310129801838 1.59082760109911 0.7065450212134656 0.25560264337695 0.0
8083-3702 0.5277107553921734 -0.8182039222336187 2.4418701342517544 0.5644129332790949 0.2342999071863658 0.0
8084-12701 0.5051930783784612 -0.8013054363643921 1.6370307373539248 0.8181233061033647 0.29347850283383276 0.0
8084-12703 0.40732874557003257 -0.7260895647611663 1.272678479260386 0.4854805337500494 0.23878981051606488 0.0
8084-3702 0.3701285544243195 -1.0391506698054265 1.8496277363974722 0.34771115720219054 0.1509503346294423 0.0
8084-3704 0.37553707607444375 -0.5095424897608698 1.5234442077500812 0.560632543912835 0.25779622031123667 0.0
8084-6101 0.4126206871988925 -1.1306128157457436 1.9204988848389597 0.664843872468514 0.1421089598866439 0.0
8084-6102 0.32971065977780917 -0.6976190519606235 1.3814201494015321 0.41792331777131575 0.18503689818937963 0.0
8084-9102 0.36864172945088225 -0.9830826673426665 1.7328683893391295 0.543768079361014 0.18102549078847244 0.0
8086-12701 0.6673260343365678 -0.8232801138739727 1.4046675394705406 1.1254529765715342 0.6707919913134169 0.0
8086-1902 0.3778346797210636 -1.072550292543754 1.6853794515171103 0.5206203363668848 0.11219306794988952 0.0
8086-3702 0.2447164610167437 -0.5752922607124578 1.3556728126722875 0.23216497586194795 0.15965805511634615 1.0
8086-6102 0.7804398280783968 -0.6074048356640824 1.1899617440080474 1.24706794171775 0.7681163870869931 1.0
8131-6101 0.4571655774095647 -0.5691312913838329 1.4965230366530136 0.1697262720418858 0.0038738740043576803 0.0
8131-9101 0.5381086898473599 -0.9535037845287861 2.341795298015978 0.788291872342702 0.21158851615712657 0.0
8132-12703 0.37327587143690927 -0.6744260927999485 1.170722584627201 0.5449129778764281 0.24662431276240626 0.0
8133-12705 0.37321161479393467 -0.9551684032502672 1.5345864457429652 0.7260297229434619 0.2444752229611106 0.0
8133-3701 0.3651836833206741 -0.939411733059059 1.8834596238992134 0.5204560359686539 0.18540577886000384 0.0
8134-12703 0.37681443965932027 -0.7848950643248317 1.8081653361217533 0.6059021285104593 0.23847497046841576 0.0
8134-12704 0.35374858215099364 -0.6177184447163827 1.098987641319128 0.550833449086009 0.2681971045463554 0.0
8134-1901 0.3269020642975337 -0.7793083326667283 1.3238185072188988 0.6145719576291663 0.1370908280046159 0.0
8134-6103 0.5341372467536646 -0.7424796281934598 1.2573976937692044 0.9807054045326711 0.17454019706848142 0.0
8135-12702 0.50015570644729 -0.6215083483026705 1.2640405155851502 0.6427344035834812 0.3067368705310478 0.0
8135-12703 0.3847341493289134 -0.6436753763620608 1.4760216904633872 0.5524204378228972 0.3185452215116711 0.0
8135-12704 0.5275236832134947 -0.7610507218334883 1.1587920887400736 0.8058920263788963 0.3461926008757797 0.0
8135-1901 0.47537484377160094 -1.7083673130810637 2.6219305394009695 0.3764753874932518 0.1373001955945204 0.0
8135-3702 0.37612115921245837 -0.6162008909508246 1.372133827620659 0.5378266194525327 0.1829810271420253 0.0
8135-3704 0.41045503669925076 -0.5649996259162235 1.6272990049451532 0.5806079284563042 0.22816073809636064 0.0
8135-6101 0.42720820559148004 -1.1170925189444199 2.100672800936576 0.749271021771174 0.14400555191884853 0.0
8135-9102 0.4494520198625148 -0.8263515736065232 1.9936746540781125 0.6178901735363137 0.3140890563513426 0.0
8137-12702 0.35753877574154397 -0.6538303293679035 1.50034943381082 0.5125687554978274 0.2356387934954352 0.0
8137-12703 0.3934846973414827 -0.6679091348259403 1.336407399891049 0.5023821406361721 0.23375642836001292 0.0
8137-12704 0.44369655867903185 -0.6825855637700933 1.4238690574442794 0.6415544595867988 0.32455248521118474 0.0
8137-3702 0.35223321466027174 -1.5705901613289694 2.1235488366578323 0.26488716378289334 0.09896265620026809 0.0
8138-12701 0.40157924751110663 -0.8058445583404783 1.450626966008013 0.7130338803630173 0.21579268444302166 0.0
8138-3704 0.45860814200152017 -1.5021454003535493 2.6612376897203927 0.4701266880941151 0.2292476005363426 0.0
8138-6104 0.3852754611798722 -0.8581277210548801 1.5886886764952113 0.3720744429327768 0.1593658992874259 0.0
8138-9101 0.35835349323937027 -0.6033568624705518 1.2450457759791207 0.510322053179167 0.2353724889435859 1.0
8138-9102 0.5381562257388351 -0.7016024648317046 1.318200845847125 0.5515965022131096 0.3026375261023172 0.0
8140-12705 0.40056552178027577 -0.9001681992881481 1.323396960744099 0.7085388274537596 0.22191965014825316 0.0
8140-1902 0.2813222351860477 -1.0752805395126424 1.8247447084869473 0.3334060029723501 0.12875535566742585 0.0
8140-3701 0.3276919856603774 -0.847004808098587 1.4151498054069265 0.3915571597842347 0.14327077754378062 0.0
8140-6102 0.4076611527203067 -0.8940825241330539 1.734975014485975 0.519469320640919 0.18678319727603315 0.0
8140-9101 0.4565865350648448 -1.1945545607317383 1.6742461445407493 0.7499314941252702 0.20400889889386845 0.0
8141-12704 0.4278112237524218 -0.6782531110999833 1.2945559110952942 0.7114319628349625 0.31332207681633234 0.0
8141-9102 0.3928673194918742 -0.7948458874848491 1.3824543426239129 0.7639022121222123 0.17595726992780064 0.0
8143-6101 0.4913210681641285 -0.764308039044161 1.6587367180615078 0.6472576278816733 0.2504128078690924 0.0
8143-6102 0.35661045840674466 -0.663438917243064 1.2377296882881141 0.5416240127763178 0.19692883519335974 0.0
8143-9102 0.3702838103547416 -0.7329226461896969 1.605099850941856 0.548376616915877 0.31616365329440405 0.0
8145-12704 0.47226925064443237 -0.7145988553773149 0.954132777122766 0.7286235816658616 0.27956769818085947 0.0
8145-1901 0.3621733362587712 -0.6873106429409355 1.04616104809841 0.5106060363139677 0.14677175675547738 0.0
8145-3701 0.445902897535056 -1.6325500800556343 2.365094570356317 0.2781899362741434 0.15670310568833273 0.0
8145-6102 0.8585770061949409 -0.5699130132540591 0.9686596749706623 1.4239905355616689 1.117922874676574 1.0
8145-6103 0.3407183825611247 -0.7164603349938243 1.3864820889996308 0.5516674719088746 0.2158605104273203 0.0
8145-6104 0.5847027586031457 -0.8949934908625995 2.119016625664033 0.6267150723563931 0.3295211277216125 0.0
8145-9102 0.5808859087857229 -1.070471023587025 1.0905177639493113 0.9726168898132597 0.2076717235902812 0.0
8146-12702 0.41418829528941414 -0.652174038962837 1.6401736089712358 0.6467624785325722 0.2847152753962196 0.0
8146-1901 0.5170308506758264 -1.6130064330597322 2.3595461367722983 0.18144965673724975 0.07580395798449821 0.0
8146-6103 0.4958802658862849 -0.8969524223183034 1.0358369643193712 0.9100473707844329 0.18397349496998633 0.0
8146-9101 0.4976758261569324 -0.7015864399875427 1.41287826585567 0.726338351736957 0.2709826430002703 0.0
8146-9102 0.5818751907545433 -0.6987083921234025 1.5257168145792235 0.5292212815521935 0.32108808232897323 0.0
8147-12701 0.42367568582496695 -0.5790729100511949 1.2705914544815147 0.45254412854386616 0.22926293464194555 0.0
8147-12703 0.40756106605680675 -0.8952866345528517 1.264781286570804 0.7356124600092332 0.20001144186441466 0.0
8147-1901 0.4340154419508299 -1.6257350237052015 2.3925838185229544 0.133849053581476 0.08423211977151882 0.0
8147-1902 0.4169357055346605 -1.6557938208616414 2.3725002756002733 0.20497870124529904 0.08475021053047516 0.0
8147-3702 0.3993543007821201 -0.8339959165622015 1.6798631670331545 0.4238834469391843 0.14142926399352046 0.0
8147-3703 0.27263905388848286 -0.751363487723595 1.4342703714732907 0.3948133655460474 0.15587607901477085 0.0
8147-6101 0.4070580939328763 -1.2204780946715807 1.7724474746550942 0.7123183418043376 0.12486892472423214 0.0
8147-6102 0.323853930064897 -0.7364202505386835 1.2634002267069464 0.4373705211454566 0.14127459998851033 0.0
8147-6103 0.3414668394294265 -0.7258027383342146 1.6572291755364585 0.5147946728561078 0.1231797650899544 0.0
8147-9101 0.4348448879666925 -0.5272360901809385 1.4378219755537112 0.6543551467038012 0.2705053598372703 0.0
8147-9102 0.6410085781572467 -0.7510094828352689 1.2571675640187376 0.8885084485933477 0.25986823318685437 0.0
8149-12702 0.6811427182979714 -0.8603689419139569 2.0543752157416435 1.0122237630252593 0.5930760784906483 1.0
8149-1901 0.2572609657055331 -0.766093485250207 1.4493106489819851 0.3168415207377253 0.121106509751078 0.0
8149-3703 0.6903819192250081 -1.1273907979041309 3.2375348639080848 0.7133201444394537 0.46838246807638767 1.0
8149-6101 0.48633602650436225 -1.000817223374648 1.5028225647265925 0.8141689501649738 0.17184450911456917 0.0
8149-6103 0.4787735617131971 -1.1893152946136019 1.4998916909779367 0.8976456992517632 0.21402412562629528 0.0
8149-9101 0.5224041664522094 -0.9422584413832878 1.333383387940117 0.6722532061503282 0.16798532245674672 0.0
8155-12703 0.46518573800620233 -0.7761910162280512 1.387209642752878 0.8792817307490484 0.2574397647528085 0.0
8155-1902 0.3888763358438347 -1.570611596120863 2.262945905226224 0.31969912917444837 0.11987328471883149 0.0
8155-3701 0.3710766518943977 -0.7277554193382401 1.3417052352596615 0.5770042130843231 0.18143041088156112 0.0
8155-3703 0.5273202155001727 -1.8435537810348495 3.0583636515668693 0.2191439247209455 0.16073852673888223 0.0
8155-6102 0.3306503920394754 -0.5593151024650975 1.4502904194145707 0.4413531973095031 0.24610894469968272 0.0
8155-6104 0.3102910658409601 -0.7270476582875369 1.676180385361869 0.4464954354417081 0.15071490334579674 0.0
8156-12703 0.48030982390773813 -0.5803812986860277 1.521148825849286 0.69835838811836 0.3131973327138127 0.0
8156-12704 0.6317136655795261 -0.6288963000805169 1.4334577245372584 1.0262224176745676 0.655700725510244 0.0
8156-3701 0.3859447543104523 -0.8809338435244465 1.5878470933815867 0.6053230915830343 0.15396315882862321 0.0
8156-3703 0.5003067795040735 -1.302829643227829 2.428619770187117 0.5209674011157273 0.2009703704760366 0.0
8239-12705 0.36832883612158057 -0.6913797631046128 1.2524234709813316 0.58186000598624 0.23016467619982994 0.0
8239-3702 0.46905188234502077 -1.2070920019941742 2.0258832439086314 0.5963068237330836 0.18090204312747113 0.0
8239-3704 0.39606037530028415 -0.660851765041911 1.4946254126574514 0.5500097826932928 0.23447690425990966 0.0
8239-9101 0.45246243221906046 -0.6839961480184246 1.2949515858532696 0.6317489234296528 0.249966834317095 1.0
8239-9102 0.4935153945120082 -0.6198534456815564 1.4214931244769782 0.6444821612419294 0.4116216690736001 1.0
8241-3703 0.33117335489031596 -0.884192048216853 1.1726259630628264 0.5334511741092408 0.16411001008196316 0.0
8241-3704 0.3444749105190773 -0.6252911374182473 1.3805669956425604 0.3659345198412208 0.19864047383355626 0.0
8241-6101 0.4461969795701653 -0.7985671525205543 1.6717383811578057 0.6098297680339914 0.13662922420676324 0.0
8241-6102 0.3059384657080389 -0.6750112278341124 1.3157023260584368 0.4124859268294559 0.19540254487944628 0.0
8243-9101 0.4775556097507845 -0.9395278971236517 2.0499930685846763 0.5367353006492247 0.1761994559016631 0.0
8244-12702 0.3736435420682365 -0.7719496920379407 1.4280127389338528 0.6000225703957506 0.19723184287851442 0.0
8244-3702 0.42868448844472984 -1.089674281813899 2.0392693339938512 0.24732479087756334 0.12387901536737692 0.0
8244-6101 0.3893081005209512 -0.5794910494465098 1.2992920684505265 0.5054729006873778 0.21149810266396626 0.0
8244-9101 0.3741055985143598 -0.5728305523378632 1.1613384410974272 0.5136216282975894 0.2239120586846572 0.0
8247-12702 0.3578430822778775 -0.763059893847787 1.637407732226312 0.47829650031092635 0.25202125538361914 0.0
8247-12703 0.33913393577890394 -0.830909831803534 1.7261177239647356 0.5709449805653762 0.2618961376249658 0.0
8247-12704 0.3404752523314549 -0.790628143772746 1.3260189693753373 0.5265411768686356 0.1918023445267785 0.0
8247-3701 0.4442239850036068 -0.8045544145473221 0.9095847592735622 0.6843965712457172 0.196616414337314 0.0
8247-9101 0.2964284822110713 -0.7121949823936112 1.3158371018446438 0.4862735093853832 0.1920928248411315 0.0
8249-3703 0.6057299069060526 -1.8647536425813749 3.0792911827495923 0.21229998880354672 0.18882660033496557 0.0
8249-6102 0.35112354319861877 -0.9317993706084184 1.6252705961548333 0.46407879294213955 0.12683666368324722 0.0
8250-3703 0.41571691415537354 -1.1859591545755988 2.2841766386261404 0.4501257209623173 0.26078447315906095 0.0
8250-3704 0.3921704083057889 -0.9626036393309794 2.195916562709245 0.49013270182702534 0.25399863955829344 0.0
8252-12701 0.46829871610079715 -0.7417806320358347 1.0779798881855691 0.7012213715312153 0.2578219778015473 0.0
8252-1902 0.36772745606251905 -0.5828571096342309 1.3167702152183447 0.45599531353176714 0.19223882132265457 0.0
8252-6101 0.4147391605355389 -0.7492992089488271 1.44192937066761 0.547713825757031 0.14497022929199221 0.0
8252-6102 0.402184167897791 -0.694145355472054 1.0777052246902015 0.6282271473896692 0.16203394979245223 0.0
8252-9102 0.43928449415828935 -0.9055654336062288 1.9135082956012452 0.5873615909256443 0.15663105204117336 0.0
8253-3703 0.38592920209468523 -1.206549360814105 1.99384887592037 0.3538729951823365 0.12596334101534587 0.0
8254-12701 0.4352954431138582 -0.716858716696497 1.5695352267173037 0.5236254999632776 0.33536833213423944 0.0
8254-12703 0.546246892632303 -0.8992486158264201 1.9444499580664925 0.7002325858829371 0.29994938352830014 0.0
8254-12704 0.49995861633690125 -0.8500625344371966 1.8211614396886264 0.8293538961812881 0.37681454027621025 0.0
8254-1901 0.5149769120824172 -0.7841440464372008 1.7166771348079335 0.6447659741445955 0.12640915086909307 0.0
8254-1902 0.4485716727157978 -1.3433944827652722 2.126014821346817 0.17825319272400014 0.07649707221019329 0.0
8254-6102 0.29011963873271335 -0.8090513107990626 1.5755680937592564 0.32231580701153206 0.13124284458235524 0.0
8254-9102 0.6611409117706412 -0.7779166834276254 1.9699610879890286 0.8848136657282772 0.6083208568454658 1.0
8255-12702 0.36564879164352726 -0.6271257076517948 1.1330181336607466 0.5628579519985395 0.23414737418954207 0.0
8255-12705 0.40167503352727096 -0.644576025948852 1.3247983165546402 0.6120154608669389 0.31534124094756966 0.0
8255-3701 0.45984533476177636 -1.4737099915612084 2.3740358939312847 0.4288633513450839 0.14429337736293948 0.0
8255-3702 0.36171353041129956 -0.7188478203370856 1.5120649734821305 0.4506486754773861 0.16654805135307862 0.0
8255-3703 0.6456647588930712 -1.686190432974226 3.1551744922615117 0.5447111323030315 0.3242270088289174 0.0
8256-12703 0.5556253983392705 -0.7533030330892814 1.7017943228910544 0.7478444504348126 0.47305309865250683 0.0
8256-6102 0.5486121593907581 -0.9252996853474378 1.9789435000568834 0.5410656504936869 0.34785321132689595 0.0
8257-3704 0.7031676714472621 -1.2091927021138336 3.3143981847228017 0.7295423978533079 0.24088682506614575 0.0
8257-6101 0.30420081713000363 -0.6862192848867098 1.4056682499425581 0.4544140278981332 0.20185374319347266 0.0
8257-6102 0.35064049782127865 -0.9402052182725992 1.5536129500507432 0.5492886281564248 0.135095291433896 0.0
8257-6103 0.4503363716081915 -0.679063518429263 1.0258724224537759 0.48320979576996803 0.2149502466974546 0.0
8258-1901 0.30701094065470313 -1.1808756458848828 2.0028433216957438 0.3401558120983751 0.1213005298737272 0.0
8258-1902 0.3505636636935577 -0.7190566717824948 1.39279754160449 0.4939741368260242 0.14060592721472323 0.0
8258-3701 0.3831877352116568 -0.6822429191615547 1.5169675517404466 0.6136614603760707 0.199716811682827 0.0
8258-3702 0.4136838995189812 -1.1814998362521916 2.0661026645782696 0.39437591833797164 0.17969351973197595 0.0
8258-6101 0.3552935081456091 -0.8249330092154628 1.6073744552850353 0.620375970602303 0.149286209838913 0.0
8258-9101 0.5554454750813053 -0.988247167995571 1.124811209618516 0.7792474318537489 0.21221075824061236 0.0
8259-1902 0.33047851333745487 -0.7742069722826304 2.0462776799833233 0.33824316004358435 0.12006418233745692 0.0
8259-3702 0.506691456080067 -0.6277511111679674 1.4198314888661898 0.5918763248447848 0.1740544804996646 0.0
8259-3704 0.3888781855865226 -1.2846416646095336 2.0259183058773447 0.22903230944425085 0.1044731804016645 0.0
8259-6104 0.33035888145135645 -0.759638309608021 1.392436678290849 0.5676264840609945 0.14544381923333863 0.0
8259-9101 0.4577352902826656 -0.7590879985041958 1.628441269710207 0.7141629215255679 0.24199944833682574 0.0
8259-9102 0.3975057888251216 -0.6869086379420527 1.1510683024977233 0.6243350691181088 0.21662651906615948 0.0
8261-1901 0.30551269594833014 -1.5482755893447822 2.095141917194904 0.22421204680491086 0.09715336834279965 0.0
8261-6102 0.25788389192810846 -0.6627494778193845 1.4884300861952384 0.3940361187604331 0.17846821866644583 0.0
8262-12703 0.5275909989634565 -0.6523142660560365 1.200407005335956 0.7524001260246549 0.35584859994591467 0.0
8262-1901 0.3218854517819912 -1.5877989687230092 2.1793040368297816 0.27890735382788645 0.1049629908329258 0.0
8262-3702 0.35812295444083586 -0.917647091337923 1.7074211819743337 0.6039996252734988 0.16344704132800794 0.0
8262-3703 0.30087767222065015 -0.8226811267935505 1.4977223279605314 0.3909332367826254 0.15573771971479553 0.0
8262-6101 0.4344773780499716 -1.0620840948452768 1.3520315857355198 0.7101743389896867 0.17428929172465268 0.0
8262-9102 0.4449672017206768 -0.7924522464708843 1.825901010813116 0.5693047380023786 0.1865574429348855 0.0
8263-12704 0.5269211194549662 -0.6325364347509846 1.5615198350324242 0.7779079127986753 0.4252607419919622 0.0
8263-1901 0.3767785364230541 -0.6729349537584903 1.8259408128383583 0.6320064113919828 0.13489055803343006 0.0
8263-3703 0.5249627377397931 -1.3164820871751657 2.3362521931034257 0.58262423928537 0.27011135950188214 0.0
8263-6101 0.36641932781951664 -0.5842073887669876 1.4469458218681717 0.5029056568439007 0.22009528781704188 0.0
8263-6102 0.5426856039654256 -1.115165437360486 2.098008354591254 0.6227102693438538 0.13793471134628776 0.0
8274-12703 0.5716271190483437 -0.7112737564536042 1.61245257745967 0.7571878872525226 0.46772240685728067 1.0
8274-6102 0.3295620388377258 -0.907417310359304 1.8512729566412989 0.38034926783414 0.1785258825504914 0.0
8312-12702 0.40306241933706716 -0.9085330337151772 1.4340275449145967 0.4585495134074035 0.21223817155505373 0.0
8312-12703 0.40857086483301386 -0.8620686315079956 1.6820513367058931 0.45853773863062447 0.14165288086967343 0.0
8312-12704 0.6200033418379555 -1.4784314415218076 3.2221886645375495 0.5488130409516341 0.42116007860080384 0.0
8312-6102 0.5256215271710377 -0.8851697807659975 2.2199632137446086 0.5264276973533277 0.2259292942258699 0.0
8312-6103 0.5840954002287013 -1.1030657207726362 2.1964368795849554 0.5757205829677664 0.40546276476138726 0.0
8313-12702 0.47352147959251933 -0.7725541216685397 1.514348655494477 0.7838582238177397 0.25991186313438935 0.0
8313-1902 0.4309602564961763 -1.3596059638290923 2.1569019618761427 0.26400538803207835 0.13105548325626623 0.0
8313-3703 0.5256317681442823 -1.7700202807444696 2.715206281068943 0.30926638552286334 0.15018009810343527 0.0
8313-6103 0.39107374358435365 -1.0865682872262985 1.7283349175377203 0.40120753287907823 0.09502744789153633 0.0
8313-9101 0.36390412570997605 -0.7750929970774807 1.2990503562445919 0.4650242574969697 0.20033905102192948 0.0
8313-9102 0.37920798795873517 -0.6235648465209167 1.0600018267841684 0.5323153456761779 0.25177020880223494 0.0
8315-12703 0.37799859284808496 -0.640510453323521 1.3691218567947852 0.504252409416539 0.2613410896039071 0.0
8315-12705 0.3743261208032076 -0.6200468023013604 1.8197233945017912 0.5977265177478933 0.25053447918229854 0.0
8315-6101 0.3261370403593803 -0.6184489075129985 1.563129156567618 0.52411394263044 0.2360794265016986 0.0
8315-9102 0.6994489959595163 -0.6347928153600576 1.8684850138243736 0.7283300793028978 0.48596023629205976 1.0
8317-9102 0.3471370572238998 -0.7489296313205375 1.3316453948861142 0.4920482460370001 0.19922679924791675 0.0
8318-12704 0.4650138521016035 -0.7529353951417008 1.2923150067163705 0.7820265176534185 0.35684928406757466 0.0
8318-12705 0.444616811929757 -0.7397640497545552 1.048158903910004 0.7261561501614012 0.2828433219832998 0.0
8318-3703 0.35406048850121846 -0.7354949824551504 1.4570522482685102 0.5602304358010285 0.184402811390556 0.0
8318-6101 0.577355895128531 -0.6882925606176832 1.4871159220887278 0.8854460403189028 0.2425718973423288 0.0
8318-6102 0.7444640197924892 -0.4580183290908245 2.067084848797545 1.2299000405232288 0.9138665056045759 1.0
8318-6104 0.3819778301378504 -0.8674829622348397 1.3384731753235006 0.6998576361921779 0.16467296294731643 0.0
8318-9101 0.3986362945842758 -0.6189270906501471 1.3015107841748454 0.517474402418615 0.20890103477487545 0.0
8319-3703 0.39372819418267685 -1.0525000207486377 1.704201207425825 0.3798463083650392 0.13734283106643383 0.0
8319-6102 0.4545954308085873 -0.5841199279511136 0.9374136432374673 0.6733247270760093 0.2847138658296665 0.0
8319-9101 0.33376260088858856 -0.684431055348051 1.6241341966508192 0.5192030539365713 0.1932995394173274 0.0
8320-3704 0.28436542900695755 -0.6381727356536981 1.2542623165234161 0.47286377509466443 0.22197395707602366 0.0
8320-6101 0.391327683286859 -1.074828523339357 1.7275665519573526 0.4689289581725896 0.157480747747984 0.0
8320-6104 0.3591928520985406 -1.0106069165849279 2.056604597235178 0.47788586168090486 0.13877247816719895 0.0
8320-9102 0.34056809310102404 -0.5831010897968558 1.1750451857997162 0.3747222116380707 0.21718110509678618 0.0
8325-12701 0.45407770749241205 -0.672409384747958 1.4381444988423764 0.6917671752973665 0.35218792677716143 0.0
8325-12705 0.41059915616098097 -0.691607626244274 1.523158640341125 0.6521078819570195 0.3440948508099377 0.0
8325-3704 0.6021236034372307 -0.5321143592183628 1.6507016768352754 0.980869181970507 0.4772824810595218 1.0
8325-9102 0.6065877724443921 -0.5303090399611626 1.4496151386359093 0.6507132391665463 0.3789952885850548 0.0
8326-12702 0.4319872614729774 -0.6792661966190816 1.268141627847463 0.6705544634156683 0.23046973263949827 0.0
8326-12703 0.40428012091828625 -0.6243369939529624 1.5187941923810828 0.6534688154146342 0.2896947696120744 0.0
8326-12705 0.6124098001251713 -0.8070646734872313 1.450687944585972 1.079027307379483 0.3943454893896611 1.0
8326-6102 0.6773849617266815 -0.5899093200348952 1.7764945537075612 1.086163778318759 0.6994948572948269 1.0
8326-9102 0.2903084761331384 -0.6627868540447047 1.0592216842307878 0.3934595141294586 0.2032388364206124 0.0
8329-3702 0.45032004948514376 -1.5849521644029303 2.5624376057495555 0.3805826969773506 0.1432219758451094 0.0
8329-6103 0.34236833330075056 -0.8439012824120844 1.5563736672391393 0.3835594575463775 0.1131722469883612 0.0
8329-6104 0.32386226830930787 -0.7481070343374902 1.417389398237361 0.35703458153033646 0.14912734277834166 0.0
8330-12701 0.5006014360076819 -1.00314110527215 1.17905862765356 0.8764799166526555 0.23507354615263557 0.0
8330-12702 0.6578336475016765 -0.8784613002172446 0.9456091166750235 1.1677894126768558 0.5205544877145056 1.0
8330-12703 0.3429890552375082 -0.7516422330392406 1.4650197267008604 0.5476651056754177 0.2279505338462542 0.0
8330-1902 0.2874515061967107 -1.1042092842447877 1.7700558260360673 0.3751756129604024 0.11567637077140569 0.0
8330-3701 0.8287997663248061 -0.9220918027644629 1.4451884449027204 1.4006028047933776 0.4158377390407979 1.0
8330-6102 0.36893695139169214 -0.8125094052264905 1.7259293881910307 0.5377619952512652 0.1797171219406483 0.0
8332-12701 0.46631750638049607 -0.6053874067390309 1.3949081004215245 0.5514351366826138 0.27002144605378525 0.0
8332-12703 0.4125537673448235 -0.795277880603896 1.360463436099641 0.5648388368116989 0.27837686025716785 0.0
8332-12704 0.629265038491216 -0.7942536068848187 1.5259056295139364 0.9456113319537618 0.4819587029205973 0.0
8332-3702 0.2896867816183742 -0.7259013872907952 1.4367922251285448 0.41957916775801996 0.1575700193945889 0.0
8332-6103 0.4452218402529318 -0.8629648200736755 1.5139038049085798 0.631149672838464 0.2158044909411376 0.0
8332-9101 0.3724330220003071 -0.7040382327059346 1.1141388878864609 0.4713034457250531 0.19818315675912113 0.0
8333-1902 0.5335819505018232 -0.8007942526439868 1.8060996332819088 0.6419898671550327 0.12870681211948584 0.0
8333-3701 0.3354206785225558 -0.5879264288306958 1.1397754023969422 0.5109872006466872 0.18759489112187722 0.0
8335-6101 0.6552342543575526 -1.4714713703439268 2.7988151183020173 0.3876296428127153 0.21850865517086054 0.0
8335-6102 0.39024017537779343 -0.7201810566778594 1.220471989185225 0.6530070255355774 0.19355358943451684 0.0
8335-9102 0.4485784506338238 -0.861191589917687 1.2998594344784213 0.7664632018114785 0.2326014984174287 0.0
8338-1901 0.4332230215541014 -1.1790289384371104 2.100089251443744 0.2894500441899434 0.09008732939721546 0.0
8338-3702 0.3063142903968042 -0.6280773688260759 1.3552592795917493 0.43825129375863775 0.1763285159175584 0.0
8338-6102 0.48828499178523227 -1.065776104427259 1.6148280005777995 0.9635048939147045 0.1399237125952322 0.0
8338-6104 0.3482291919023082 -0.7803694639824337 1.695744772704368 0.5108127632603163 0.23496795506824306 0.0
8341-12703 0.5273595743343734 -0.9225818083532428 1.7702141795148383 0.9866531987268715 0.32105760717492016 0.0
8341-12704 0.4103406062931214 -0.6701872926672667 1.3216640660256673 0.6571468837614376 0.2456650712724906 0.0
8341-9101 0.4937295254002583 -0.5869721071251772 1.7932928482250987 0.6624886760152129 0.23798202263140675 0.0
8439-1901 0.5076021588618718 -1.6111922403410395 2.5441312667032125 0.28077072655562363 0.09096550869168117 0.0
8439-3703 0.39285429332917426 -0.8189454126290392 1.6691864800152432 0.6620176138673164 0.1535857971469122 0.0
8439-6102 0.4426968731615112 -1.014653828944552 2.0469881811323605 0.5851285439605524 0.1500819255060387 0.0
8439-9102 0.5275819899050994 -1.5605055666484309 2.9983276219028507 0.5837677301033859 0.15425746421993577 0.0
8440-1901 0.44355138276757367 -1.4972069549343834 2.2256806910948583 0.26024973157584247 0.10521308193161967 0.0
8440-1902 0.42578039780812943 -1.288822506617042 2.229337286331162 0.49667708452976905 0.0907921742190665 0.0
8440-3703 0.4602477511851536 -0.5546755394163012 1.185555888569626 0.3525821934929408 0.18539075263020222 0.0
8440-6104 0.44218609966992856 -1.5056979364210086 2.2054028949054008 0.16683519069105032 0.136540328718122 1.0
8447-12701 0.5291659888945031 -0.7576321603694025 1.5320076284085506 0.7925368664208877 0.2905465033838178 0.0
8447-12702 0.6528502294527874 -0.7985838480866387 1.1571693469708402 1.0351179118301557 0.49434681549912224 1.0
8447-12705 0.46979055451260976 -0.6749466135715536 1.159078486667658 0.6990689367638486 0.3210534565883074 0.0
8447-1901 0.4724640663808089 -0.6003850608812342 1.1792635111491323 0.45970276471541743 0.14546347480063915 0.0
8447-3701 0.31060344710337057 -0.5766806178638468 1.2161883152585564 0.3166482673377644 0.18758326727330454 0.0
8447-3703 0.4960357321245058 -0.8094453965818016 1.7502853993114473 0.47678840900120883 0.2576455995385871 1.0
8447-3704 0.3998217965703726 -0.7902072334739842 1.463287636108974 0.5748614728269014 0.17507927206815674 0.0
8448-3703 0.4929596602584337 -0.5675873030932734 1.2060844575742333 0.8486101648955879 0.23189884918220177 0.0
8448-6101 0.45457650701484614 -1.2290826183268346 2.3577982310409644 0.445162370813692 0.18100343192053728 1.0
8448-6104 0.3988128949359903 -1.0131096723086437 1.8527751610637604 0.6760560037607412 0.14771463813345662 0.0
8448-9101 0.35459557319795465 -0.6650888213223174 1.3928127504894716 0.6077447831440865 0.22545272511661926 0.0
8449-12701 0.42133868137424396 -0.9894708927555526 1.7504978368553088 0.5729598658909764 0.24918182491648222 0.0
8449-3703 0.36834333482740367 -0.5954122964336119 1.7880512515859714 0.5990379241808715 0.17863445376581455 0.0
8449-9101 0.5355820269620272 -0.5926126344281787 1.4923049401943889 0.837850702213726 0.47747148150986646 1.0
8449-9102 0.37732020016164797 -0.8730203716592505 1.3077156318641254 0.6360441661673796 0.20204896366067351 0.0
8450-12701 0.49374622700693427 -0.7411417554933163 1.7059342672006443 0.8433319144070254 0.45633321285981465 0.0
8450-12702 0.5482514507721542 -0.6651720848520325 1.2472028115849934 0.8075020812903917 0.37127332757051174 0.0
8450-1901 0.5341514061039874 -1.7108147631913824 2.5531957491805235 0.4536227312896862 0.17110744423299826 0.0
8450-3703 0.29447248474928456 -0.7774578557903573 1.4418357887311668 0.5426344463908912 0.16622990889388647 0.0
8450-6102 0.4391531803784185 -0.8364189088364167 1.7292968737818735 0.592816227094052 0.13593108372683563 0.0
8450-9101 0.31887286460626246 -0.8035197545321557 1.5566962262488762 0.4422984061645571 0.15822306190203939 0.0
8450-9102 0.4520128213645239 -0.6624162618478191 1.3767145145595348 0.7444816400859233 0.3824254846998469 0.0
8451-12703 0.3344541514132201 -0.7912238224116844 1.5691897254810718 0.5670951851524443 0.2517107916790507 0.0
8451-12704 0.612519285098768 -0.5582840542031571 1.413379648714246 0.8400783843352915 0.5305359172727565 0.0
8451-3701 0.3834195939161667 -0.639312536937806 1.5044353623849398 0.5848819216467981 0.2898008905714028 0.0
8451-3702 0.3758615251932158 -1.0486637238528087 1.8608736748518984 0.3977054296904845 0.15228049818475836 0.0
8452-12701 0.4720762992974171 -0.666895588287593 1.3677368224621247 0.7750217567376596 0.3679859368421725 0.0
8452-12703 0.4854936050681876 -0.6864185191179196 1.0387824371764607 0.6310210830730825 0.2915828531998668 0.0
8452-1902 0.4125144664421123 -0.777983274623761 1.1398107052644801 0.5834530116626151 0.17451377845054294 0.0
8452-6104 0.3170311963169353 -0.6726858794171104 1.3260489625919092 0.4165479680435836 0.24555389898857444 0.0
8452-9102 0.39750817014621487 -0.5988364688984601 1.1797405011191944 0.5304040462670161 0.21519727147428966 0.0
8453-12704 0.5821191378251133 -0.7344737361590393 1.129126625551204 1.0375647132682215 0.4603185345037137 0.0
8453-6102 0.526146291741043 -1.121401785652017 2.0152993514455297 0.5699716758553653 0.15951576152690403 0.0
8454-12702 0.4945006142559332 -0.6208768428465379 1.7759026450759268 0.8516473326185927 0.27685041847634073 0.0
8454-12703 0.5165860778302748 -1.1041778311889643 1.3463730136755934 0.8712407009893359 0.2502334495558197 0.0
8454-6101 0.3066738967646049 -0.7671207476500116 1.3541021068840724 0.48145520273865255 0.14780511856933606 0.0
8454-6104 0.3311407967348777 -0.6366478486235552 1.2438671486967166 0.5574985183434786 0.22259380173823615 0.0
8455-12701 0.44951310649552995 -1.0398109691933803 1.4097314932706784 0.8129722411827908 0.1506825288871833 0.0
8455-3701 0.24592079748122786 -0.7755227193660326 1.6785554714468398 0.32813676670446357 0.14707388553382716 0.0
8455-3704 0.3656611207958855 -0.6938631280206573 1.8572685535651237 0.5475282440723545 0.2153066054925367 0.0
8455-6101 0.37085291928863706 -0.7819554908511435 1.390501939383873 0.5234814872170684 0.12628777451148523 0.0
8455-9102 0.3686701447323353 -0.6067720069361041 1.4305163401329204 0.557711712172872 0.23289273406015817 0.0
8456-3703 0.6309535491889607 -0.6208901184994117 2.9869716395029524 0.6820864864007306 0.4764103212448096 1.0
8456-9101 0.3528216314960871 -0.739268546253117 1.2950827794157636 0.5694133344997331 0.22372267631722575 0.0
8456-9102 0.32165617560205806 -0.6001391828324008 1.3143116154918435 0.5327059947548277 0.23851747992218536 0.0
8458-12704 0.49535555379130763 -0.6301438731314036 1.2555338882738007 0.7145011360053529 0.417344067469037 0.0
8458-3702 0.35628892218081337 -0.9075005936805095 1.4254489479463717 0.5580033328971291 0.1645653201019307 0.0
8458-6102 0.5778113131429948 -1.6300240290641996 3.564124886664724 0.14727487849157278 0.11516613370341641 0.0
8459-12702 0.535781587392241 -0.7183425818725935 1.4094047450719533 0.9391453617316512 0.3061387274304376 0.0
8459-1901 0.4379511142193486 -1.29292554065684 2.1511404543879897 0.4069966713626042 0.10411128686677375 0.0
8459-1902 0.4690026389538686 -1.5781970614562335 2.4923365637108836 0.27449566220959315 0.07931610674341265 0.0
8459-3702 0.33538135212110737 -0.7025074286681157 1.266720166606834 0.5641426051355212 0.1845421229929277 0.0
8459-6101 0.3440162062631333 -0.6432949047864313 1.3721389374489001 0.43566644079500116 0.17439911239385594 0.0
8459-6102 0.4500255401420661 -0.6744076582039578 1.22852257009706 0.6452990614292996 0.24590758070624 0.0
8461-12702 0.5944298709065485 -0.7262982286388511 1.4456105459378468 0.9933375206987319 0.3718603915238578 0.0
8461-3704 0.3643363972783881 -0.6159447520107655 1.232763655240601 0.5120326423813613 0.264630475503812 0.0
8461-6101 0.3724080630346492 -0.8770666701847 1.5820586727891675 0.42900268906644456 0.1399642748879856 0.0
8461-9102 0.6629358894920772 -1.0414165383060854 2.4670708269286 0.7013023157684359 0.4291355031671004 1.0
8462-3703 0.393543080829773 -0.9893942412774515 1.6011136067253164 0.531788541176373 0.1361024132394036 0.0
8462-3704 0.3990688181092388 -0.9632317469698131 1.9171491642409901 0.46891806119776214 0.2265982015404803 0.0
8462-6101 0.2896443597023904 -0.6742713535037123 1.299653819351153 0.365947513819112 0.11734611458466429 0.0
8462-6104 0.3628086016203988 -1.0180745545835657 1.756306198409634 0.48586237780083597 0.10862040173452897 0.0
8464-12704 0.42456420641881126 -0.66783298898499 1.4337017714368907 0.6931287933849712 0.3171594279999574 0.0
8464-3701 0.3222924748012427 -0.8466992952470069 1.658197823289135 0.4569119439839936 0.16260213608050733 0.0
8464-3702 0.5723086835700404 -1.880000296241693 3.012426837790281 0.3949861398622119 0.17704105495681036 0.0
8464-3704 0.29000584659799633 -0.7313976326375413 1.3881610993447127 0.4826858636905549 0.19490512190059012 0.0
8464-6101 0.4467921878616906 -1.564177794596274 2.2671792651376106 0.17055929074116674 0.15089026756500537 1.0
8464-6102 0.3971088956460852 -0.6080405049373945 1.325954508659723 0.5322361733139873 0.2074716546690691 0.0
8464-9102 0.3671590570363603 -0.6860538399005166 1.326535557155264 0.6132636995290701 0.2471566042198885 0.0
8465-12701 0.3899200420269567 -0.8175261473589491 1.300478882090605 0.6030136339595419 0.24917123181221904 0.0
8465-12705 0.5335042287118311 -0.6953132652801775 1.2581921100480222 0.6031369472974634 0.35731908451949684 0.0
8465-6102 0.53172245282395 -0.924488504114076 2.2328559472108216 0.853868614777151 0.19060046636994415 0.0
8465-9102 0.5127949613746332 -1.3901114105426604 3.1107966220569683 0.5549227889113912 0.2386747482069211 0.0
8466-12704 0.4752787554949254 -0.561855275713979 1.3959420635667126 0.7348699001177399 0.3520709125823999 0.0
8466-3702 0.29002203615987815 -0.5531092861091295 1.2177797901772045 0.41086444093614444 0.19376859118635234 0.0
8466-3704 0.6424396225389306 -0.8327091086651419 2.135431808200727 1.0677334110702537 0.5943930318630287 1.0
8481-12703 0.39530061218320467 -0.8983252519330608 1.3878044673182501 0.539946714736785 0.24533004882787077 0.0
8481-12704 0.37085845848086263 -0.72093025119082 1.2900297252645005 0.5252579271645975 0.22057623710806679 0.0
8481-6103 0.49172736799929123 -0.8497873072926878 1.7312999039785593 0.8196514259805162 0.3179395330753777 0.0
8481-9102 0.41218941948228704 -0.7329003098476701 1.5907895007045383 0.7415211665691173 0.2586312688674433 0.0
8482-12705 0.5411291122759586 -0.5252578005166509 1.4114296825015382 0.5849734951772484 0.3299148084042178 0.0
8482-3702 0.2545280021919453 -0.5680540677060175 1.4078896373122398 0.38930286711682466 0.16259237107352226 0.0
8483-12702 0.7593861581340887 -0.5649824067172634 2.1752003819292987 1.2438101336766814 0.9251345118680131 1.0
8483-12705 0.4185429301428816 -0.7197963234153684 1.2467353057379502 0.7522301111740286 0.3367098822951107 0.0
8483-1901 0.5189222800571904 -0.7756698721133224 1.1728626504370951 0.5449406347226599 0.17898901382288832 0.0
8483-6103 0.3679585991627462 -0.8105645092751174 1.4706665993827082 0.5817014380825977 0.1909517839154301 0.0
8484-6104 0.5681629327209341 -0.7698519881867998 1.6980868890340861 0.5794958475513452 0.1988750847448072 0.0
8485-12701 0.6011484873967715 -0.5690921946961252 1.2784120377092791 1.0861617335023155 0.4073744764024238 0.0
8485-12702 0.4969969381762202 -0.8177654767997905 1.5181121864246694 0.8733548589086495 0.35951668656020347 0.0
8485-1901 0.3843387028225447 -0.8837521064026915 1.9631832077287734 0.33972084483235493 0.12848617335079188 0.0
8485-3701 0.6108446638504418 -1.857396818175048 3.1378180987902518 0.33216931529804145 0.16719145258469512 0.0
8485-3702 0.5760920569476815 -0.81390708060666 1.6487942712286068 0.8106149576625248 0.18007354144601778 0.0
8485-6101 0.3750347932551937 -0.6840809379171335 1.365112071296074 0.5506728627973859 0.2241432483208561 0.0
8485-9102 0.4304249192157889 -0.6419205265388389 1.1259556936723432 0.6089659238296707 0.23703454869209978 0.0
8486-12702 0.41517424843339257 -0.6606107874849427 1.6740302350146155 0.7634996951519515 0.2880375389186071 0.0
8486-1901 0.5337022898366331 -1.8088808517946644 2.860974705309533 0.28729717350870954 0.1376050583356358 0.0
8486-6101 0.4722404145426851 -1.2361421256274292 2.230612285094555 0.42101539072172806 0.17501169411345976 0.0
8486-9101 0.6521014542305675 -1.786240198903964 3.12300623294537 0.6782294784042792 0.34194516824524085 0.0
8486-9102 0.46346562825373155 -1.3730422587958446 2.3478457164197564 0.5273195266587188 0.18789484984665017 0.0
8547-3703 0.40394038444304997 -0.8705764197047026 1.6955948982373326 0.44708625118128953 0.197343886908484 0.0
8547-3704 0.5062795312270612 -1.6651203585988386 2.7572170712118864 0.4123638453951457 0.17872945540112567 0.0
8547-6103 0.3253124229315984 -0.5396171336787987 1.599941171715713 0.4466298571856463 0.20949362737014834 0.0
8548-12702 0.4877545228131692 -0.5908812448501992 1.5367894189936369 0.7327753758008695 0.3479935060059687 0.0
8548-1902 0.4679761572472772 -0.8761387206995495 2.0470495471758228 0.39016318004480716 -0.033853542081183116 0.0
8548-3702 0.46291101937717266 -0.8163390367536436 1.6042902306073228 0.5211034877089754 0.1655238120385194 0.0
8548-3704 0.38332633499911983 -0.7128989045838611 1.4694187726072854 0.6336136005695066 0.1985822638820504 0.0
8548-6102 0.4055489214836016 -0.8627045804439659 1.4563440161415417 0.45547992725139974 0.14994493554946273 0.0
8548-6103 0.4401567555503011 -0.6843824949851194 1.0043468177665642 0.7556168668803668 0.2408332116585566 0.0
8548-9102 0.7029322276092221 -0.9283465366951499 3.344053181536209 0.7916965800018024 0.3102770512655549 1.0
8549-1901 0.4018145729370272 -1.4008678365468388 2.091684861697023 0.3329572878696519 0.10414662928342637 0.0
8549-6103 0.3891088914024568 -0.8968671871029401 1.7338458256872855 0.5218061260141165 0.168395842533633 0.0
8549-6104 0.4726105624411136 -1.7377909536696245 3.086608471194938 0.500258660111028 0.22179754633928275 0.0
8549-9102 0.4075455742086815 -0.5909670644758522 1.6721035512772175 0.692777934618372 0.2676225943233987 0.0
8550-12703 0.3753336870034855 -0.8505706847499761 1.5356384786969268 0.518669294961472 0.19349331140057102 0.0
8550-6103 0.4413876874321459 -0.6584746444090002 1.2735042029621424 0.7083872807191957 0.23663103046754386 0.0
8550-9102 0.355892186378092 -0.8170734593720266 1.610620018977402 0.4557530787440898 0.14066612433153416 0.0
8551-12701 0.605538545889064 -0.5958368638529172 1.339744781792782 0.6956977396473156 0.2950412747103298 0.0
8551-12702 0.7722735770491 -0.6694616208730232 1.3208638450482832 1.2298121023018749 0.8937492563393814 1.0
8551-12703 0.49386772148894154 -0.6505360796069706 1.4911264711151884 0.7872169897517733 0.49749815963842403 0.0
8551-12705 0.46416062029324706 -0.5334813543524735 1.6811414794724562 0.6810619596055316 0.28677737772108963 0.0
8551-9101 0.7664077401909403 -0.8271094587381123 0.9384888438031945 1.324597052385168 0.9138602300653038 1.0
8552-12703 0.4233612227699636 -0.6059462806447579 1.3862526378218212 0.5287098047525209 0.28349917173966105 0.0
8552-12704 0.46202219534074046 -0.6976565943350566 1.0651398026973184 0.8769405771539578 0.3199047356958565 0.0
8552-3701 0.5542416015896549 -1.8118547802781582 3.098152124655338 0.32962953690089325 0.19950292185392643 0.0
8552-6101 0.46857520762398164 -0.9512612555824551 1.0117857411243814 0.7879031729884938 0.1602672053839396 0.0
8552-9101 0.42240131467065206 -0.6246408450049032 0.9281081310895377 0.532872651101815 0.27286244352573924 1.0
8553-12704 0.36827638096321946 -0.7713883941419237 1.1366820850053152 0.5252982545699736 0.23248669230148042 0.0
8553-1901 0.255510006472741 -0.8083785527397077 1.565860680211035 0.40256669422612423 0.20183477234573058 0.0
8553-3704 0.41163030198851247 -1.2272662883021306 2.180460915610154 0.5131144198894174 0.19164914586964607 0.0
8553-9102 0.2977977106412134 -0.7051895579612701 1.4057076558109598 0.48514979192582375 0.1960947712392113 0.0
8554-12701 0.3837107417193956 -0.6459488108231894 1.299022416495834 0.6485628930325648 0.22502756239067798 0.0
8554-12702 0.43674350349278446 -0.7481460243062912 1.4300287488126942 0.7065805282361387 0.2798201663839711 0.0
8554-12703 0.5258245266898575 -0.716118182907578 1.2099545305886494 0.933130246432259 0.30573861572236133 0.0
8554-3701 0.5969971157555365 -1.806259404011948 3.111324326960521 0.21872468464283415 0.18632629392190078 0.0
8554-3704 0.45548793764038437 -0.7793612622014027 1.6124790175793167 0.4222502736642034 0.10138161098801139 0.0
8554-6101 0.4418131285903028 -0.9818289345948613 1.2938650114132801 0.6238750791896126 0.12065957016598453 0.0
8554-9101 0.38425629530705185 -0.6735072512602548 1.3008169918939427 0.6352899133341456 0.1802458071421023 0.0
8555-12702 0.614177153348866 -0.7928790948978006 1.8726461608358023 1.0438189584218303 0.6263265477444774 0.0
8555-12705 0.34387044011432727 -0.7540754498338618 1.376658380825106 0.464919770800898 0.23587952063218828 0.0
8555-9102 0.3895435426873396 -1.0902074750751076 1.806509426524758 0.6307230552759013 0.29443839152998724 0.0
8566-12702 0.4924983974466236 -0.8517073113416587 1.403628391060536 0.9038681043114422 0.27657654638523654 0.0
8566-12704 0.4427888384646055 -0.6187931283956641 1.45557721363869 0.6111625292242395 0.2605551115257799 0.0
8566-3703 0.44373468849339104 -0.910891391367176 1.9763415905710167 0.7218962897073157 0.19146699068961648 0.0
8566-3704 0.4256813360825298 -0.6746294375970794 1.314920389017805 0.6376079144818576 0.22392005032649678 0.0
8566-6103 0.4201146614075966 -1.073594684551245 1.955054523211047 0.7924327656060917 0.16865432690132193 0.0
8567-3701 0.34266508293659603 -0.5766007296016493 1.4879272934410976 0.229091508637908 0.1400876197699983 0.0
8567-6101 0.5486126204910879 -0.6692202917034453 1.5465585450652142 0.5790166476843731 0.2945938369602592 0.0
8567-6103 0.47664220916495076 -1.5303946037178813 2.393992002417292 0.13723585124814466 0.14512858079040405 1.0
8567-9101 0.6214910577449312 -0.9837358653870705 2.264447075184837 0.6985032067869837 0.23085109919312874 0.0
8567-9102 0.365783712191633 -0.7399319605391438 1.8669154088166606 0.5217303484718706 0.2732504171201033 0.0
8568-12703 0.4025584421035443 -0.7253060124984173 1.4100520447798426 0.6822640573698225 0.25411935624837 0.0
8568-3703 0.5452834977771311 -1.4514652681583051 2.371333898256944 0.2786804838073794 0.14230558553513892 0.0
8568-3704 0.308696086688327 -0.66179382146415 1.6538227277415802 0.38922128329042577 0.18876171723180113 0.0
8588-1901 0.38575646698860894 -1.431590512741007 2.256894779347717 0.41930296603693934 0.15485144684971178 0.0
8588-3702 0.25086929783024176 -0.8307727520858447 1.6463201510962342 0.3215499792052745 0.15150006344671066 0.0
8588-6101 0.46249983192209776 -0.9360429009713488 1.734202464012589 0.44113473681837145 0.12851936252456533 0.0
8588-9102 0.3701418674989421 -0.721044178794329 1.1326262033786618 0.5535679950002971 0.2112431557146021 0.0
8591-12705 0.44097087206318863 -0.584715106224299 0.8637393318894336 0.6752950092531611 0.34292882415208414 0.0
8591-3703 0.32033902336100495 -0.8695355026203894 1.6636604472450083 0.4004792437195245 0.1666372202213826 0.0
8591-6103 0.6954240760111728 -0.40138526888062764 1.8200561863881903 1.077480676112468 0.7586185678646896 1.0
8591-6104 0.32735993485596643 -0.6655860481509649 1.2602131182595242 0.4463918498802623 0.16084495000756954 0.0
8591-9101 0.5143770818086345 -0.9465710693003276 1.4164751406063911 0.6270442990766297 0.23916390287136527 0.0
8591-9102 0.40667827086253455 -0.7343883350473274 1.220441565318159 0.6194809923749266 0.24207231542673008 0.0
8592-12701 0.463077754419327 -0.8984564134813888 1.5337456680048365 0.8966143479828874 0.31063180020769027 0.0
8592-12702 0.46512231463658704 -0.650474858415714 1.9271923856241966 0.7197373437701731 0.360243673544032 0.0
8592-3702 0.43733155436433313 -1.0998468127598635 2.2866522268899434 0.3266866621295187 0.18982510894557086 0.0
8592-3703 0.38037995753470194 -0.6766344707507953 1.6137674606147319 0.5140736936958498 0.15796385139562616 0.0
8592-3704 0.3830458837506049 -0.8117557617746559 1.7903570749300295 0.3553957948104794 0.2026164565012969 0.0
8592-9101 0.3950302230282215 -0.5959124787981026 1.3532234949859 0.4686686673906382 0.24257771824501617 0.0
8595-12703 0.48084160107264023 -0.6810075246902408 1.1252062140207406 0.8273571910156775 0.30534881341319886 0.0
8595-12705 0.4847858030993668 -0.6766047111157768 1.2226757213817554 0.8437788746057824 0.2963686466354203 0.0
8595-3702 0.38793115010373236 -0.7262223285789964 0.9869098378779034 0.5472540136076822 0.19141383397984846 0.0
8595-6102 0.39636910690799815 -0.8354904147244445 1.4413230680545843 0.6727770682933234 0.21574034226338007 0.0
8595-6103 0.6475032870454424 -0.7148632585059276 2.3969705022880166 0.8698516149025317 0.3124165600795464 1.0
8597-12701 0.3717687605673547 -0.6700479361113931 1.292784214790732 0.5670351205425859 0.2932606967307498 0.0
8600-12705 0.5553421761533348 -0.5979058162823039 1.4280968246071566 0.8578397021903013 0.4983673318254888 0.0
8600-1901 0.4773108210325724 -1.1699670757348786 2.1396601082634388 0.5532001972272491 0.1061322314271448 0.0
8602-3701 0.2942804188275602 -0.6031389096171711 1.1325708044502718 0.36892415446319354 0.1806103416567728 0.0
8602-6103 0.5044977171164696 -1.1455132387049274 2.089085585556616 0.39734229759930473 0.16883458225130388 0.0
8602-9101 0.36674968431209776 -0.7068847394980176 1.5653726660201004 0.5881861207204406 0.21191383879838097 0.0
8603-12704 0.3964889241354857 -0.6093693153440913 1.4189114880612212 0.41203931705802915 0.2016015288735293 0.0
8603-9102 0.41533859433880027 -0.7531976137290458 1.326477274970101 0.6645224032847578 0.18659249489404775 0.0
8604-3702 0.6650664937485105 -0.5465090768090972 1.910546455804547 1.1683650992045387 0.6353867480065744 1.0
8604-9102 0.39922720770761144 -0.8954085769774822 1.4633325818010943 0.6820080166783132 0.14616648986401512 0.0
8606-12701 0.42253971723625994 -0.6593431327412237 0.9235209191618063 0.6089522949273107 0.24154376857813945 0.0
8606-12705 0.5786373151901649 -0.6985672292335708 2.150819562015427 0.7612945463284876 0.4834597715669775 0.0
8606-3701 0.30876438637237485 -0.7444765694964712 1.1583045967168206 0.2897542789268359 0.17574753483164443 0.0
8611-12701 0.4954162904064788 -0.7654759140411816 1.2502358401365536 0.7021592162278234 0.3166247259802879 0.0
8611-12702 0.3700492456238514 -0.7667516208765641 1.4036290733733658 0.5161436562974543 0.1864715965615496 0.0
8611-3702 0.5250964677611131 -1.6459357695121888 2.774840140743151 0.29968566867442736 0.18986192116169515 0.0
8611-6102 0.42459997609947314 -0.8577936654220744 1.7191988248018961 0.4374910609584499 0.13619603262050947 0.0
8612-12702 0.436506970282725 -0.6199586807014448 1.0593080192358624 0.6519238880646196 0.26936369721368725 0.0
8612-9101 0.5300594294019321 -1.2917925503563406 2.576223398549925 0.5622732816214872 0.2234503626787155 0.0
8612-9102 0.6823835100913419 -0.658516214068076 2.2546635407965 0.9216088924033924 0.5720292779005296 1.0
8613-12703 0.5884239334409991 -1.2472825526868887 2.677331841864831 0.4724183582210123 0.22208568892583216 0.0
8613-1902 0.2389988202203016 -0.9567897942554343 1.6607806264137448 0.22248080257008537 0.10391925165412692 0.0
8613-6101 0.37359264812798987 -0.6181624019984233 1.4528028864721863 0.4531928109605107 0.144514431304518 0.0
8615-12705 0.7028538339602816 -0.6336010514261411 1.0247119326134981 1.0784309770023932 0.8145246808962094 1.0
8615-1901 0.6829434396080022 -0.9406165412345403 2.4074003602857323 0.7142709299883137 0.13359474998471707 0.0
8615-1902 0.4023121724599874 -1.2554232016879434 2.0699009856988706 0.24652672055979788 0.08963811338063814 0.0
8615-3701 0.33551272419252 -0.9221273718360146 1.5746026767450048 0.5142493327591041 0.16225366171595712 0.0
8615-3703 0.5521289087800416 -1.122458382745579 2.0303254960128774 0.647156718826492 0.15788794030314976 0.0
8615-6102 0.34273648789218025 -0.7219014707523795 1.3801614766767485 0.48874380463327705 0.19115366955971044 0.0
8616-1901 0.2733364301494775 -0.685025718493536 1.2737095877348603 0.29420841907610507 0.136681208498198 0.0
8616-3703 0.35630835112731357 -0.9594414404374806 1.6513829049995357 0.37163295814336444 0.16214937221626022 0.0
8616-3704 0.4898023695014595 -0.9089748536964352 2.460182508657163 0.5027950080571132 0.23392188275568018 0.0
8616-9101 0.6124378246520713 -0.6928348757530229 1.6969600046535063 0.6854900979183858 0.3679501450217913 0.0
8616-9102 0.43777433609466776 -0.6412150117157641 1.3095766827431277 0.6911740454578617 0.2566392543243352 0.0
8618-12702 0.5212430078927809 -0.6687570944882535 1.2157174796562116 0.7997799528488604 0.3514178332139152 0.0
8618-12704 0.45896201570015804 -0.5994739672534959 1.9228597177034812 0.7214856008589912 0.3076728137509289 1.0
8618-3704 0.4715503095978354 -1.6702615553693212 2.396668930990346 0.25435329195623013 0.09808832475686997 0.0
8623-12701 0.5809072507685131 -1.2979268543152778 1.9681805499571032 0.95897838479854 0.3229058912781751 0.0
8623-9101 0.4048843016060483 -1.014813467513837 1.7850641461360164 0.7224594658792916 0.2576183386601663 0.0
8626-12703 0.45008756201671024 -0.637115612300562 1.381532858517935 0.5578650657426019 0.31291953676773554 0.0
8626-12704 0.8443106936301811 -0.6775372009663082 1.4545648276949001 1.1253119831899492 0.7177643363991855 1.0
8626-9101 0.4264399546567764 -0.6340411466698292 1.3244240488353185 0.6711611935679271 0.2045133452262128 0.0
8655-3701 0.47328733481106305 -1.757988627439714 2.7078829670855216 0.35934588311869126 0.18564029719648692 0.0
8655-6101 0.6554958442943494 -1.154463577256458 3.1677700743802606 0.7816077000127098 0.4161420463321414 0.0
8655-6102 0.42244084524709347 -0.6573233054142366 1.284101642125632 0.6863170719907059 0.26298484092064434 0.0
8655-9102 0.49919986986137205 -0.9665619948466777 2.4659010651905193 0.6354803539283952 0.3093695723333054 1.0
8711-12703 0.8507800701809146 -1.8174854958596676 0.9802346994147221 0.5980507578178769 0.9467936864928359 1.0
8711-3701 0.47451481164628534 -1.4683992147350693 2.613430217641973 0.6572736798798431 0.09811988982168705 0.0
8711-6103 0.35959120273414386 -0.7997083029131257 1.6727265054656595 0.5369355844304915 0.19113433554481646 0.0
8711-9102 0.7764242398929958 -0.5021306776119292 2.555808896917193 1.1219849806574202 0.8185292808227304 1.0
8712-12702 0.3527521070439815 -0.7367169249717452 1.7710370788715157 0.5727195524634684 0.24503986304112665 0.0
8712-6101 0.2911965566728384 -0.8049319818651772 1.3923805473928605 0.360164165538104 0.11723559848953778 0.0
8712-6102 0.3188672501723237 -0.7864992302981457 1.3995256536993033 0.5136120418448659 0.14484691177680767 0.0
8713-12701 0.3537447794105224 -0.6553478028672636 1.3985348712914378 0.65198521130218 0.3048992742031027 0.0
8713-12702 0.7257585972234125 -0.6327805721217654 1.8373510938080284 1.1698340358066455 0.48687822232670724 1.0
8713-1902 0.37627856524437936 -1.2943255847861213 2.044537032839901 0.44023924287401706 0.015332319547849952 0.0
8713-3704 0.6739813485836866 -0.4676656256038209 1.3597539870075996 1.0709183270484524 0.666402921717578 1.0
8713-6102 0.3676090225853298 -0.6921805208618769 1.2267775021205287 0.5316753220308494 0.18445841971797133 0.0
8713-6104 0.36351295281058665 -0.5968558094396861 1.1731155367552426 0.595686909530985 0.27309408156987464 0.0
8713-9102 0.46159879132609377 -0.6602553900697892 1.1657021321459378 0.5885904537284979 0.27230005062151696 0.0
8714-12702 0.3858575545824876 -0.7829869560438979 1.310920310538377 0.5223202448049312 0.24963330288163887 0.0
8714-12703 0.38200750916547643 -0.7540998271261616 1.2782271699455174 0.6890133462075647 0.26521471562747445 0.0
8714-6104 0.5481023075284038 -0.6912984916375575 1.268939793554068 0.6984141102822518 0.13773009598176075 0.0
8715-12704 0.6650952804451672 -1.009579835220881 0.8310378723337133 1.157868718247706 0.3046152307657626 0.0
8715-1902 0.26245862993197594 -0.7472395666477976 1.4860859902253212 0.32132678317552243 0.123589898173614 0.0
8715-3702 0.5857614014841593 -1.5225724078669152 2.789212006984531 0.3329409985076462 0.2142848383519348 0.0
8715-9101 0.5158828443730894 -0.7437292254307125 1.2247223558404872 0.6824845526789641 0.22964804183069923 0.0
8715-9102 0.4679399612618664 -0.7414149887595851 1.5858926257118855 0.7269552132128095 0.22170670010941326 0.0
8716-12701 0.6208005806553213 -0.5802721218857377 1.2671254386785782 1.103477103554533 0.6431043455431513 0.0
8716-12702 0.766950825930362 -0.9243864465220355 4.0656207943497 1.0544846218027577 0.5686223126940341 1.0
8716-12703 0.41156527032685936 -0.6804975000299432 1.4551102728681213 0.6283521385764494 0.32995485773608585 0.0
8716-12705 0.6401376896741178 -0.9066474355571817 1.1423611481564184 1.1245661802034994 0.41398657290470114 0.0
8716-1901 0.6229835838436865 -0.6454061497674031 2.306188574194797 -0.48931204228738223 -0.6950458870821054 1.0
8716-3701 0.3527839696947561 -0.7437208141060445 1.2561127637734926 0.47789901178755295 0.18019951342283574 0.0
8716-6101 0.6906473098155305 -1.6849679520082401 2.3791973015812466 0.3263229551832079 0.16578513843602855 1.0
8716-9102 0.40147502276385066 -0.8544351278491713 1.3518959727366235 0.7308365435465998 0.2344643508385967 0.0
8717-3703 0.49111999102003656 -1.452945236341201 2.418785286612593 0.30970559306964596 0.0924718173319015 0.0
8717-3704 0.3324351035804696 -0.6094074885648814 1.730648913175313 0.5410576466537583 0.20931265607343938 0.0
8717-9101 0.4539771489525295 -0.6565231038748585 1.047551233639823 0.6598243563674451 0.2489003215895321 0.0
8718-12703 0.5028616069913752 -0.9685879719714772 1.8550385918108883 0.7292771640682278 0.2503570281914645 0.0
8718-12704 0.5994395373578717 -0.7059090916173977 1.5815555322608028 0.9458219886645658 0.35317582182202134 0.0
8718-3703 0.53668115043074 -1.8310779513759141 2.942492113369408 0.34845313108887427 0.22418174130320992 0.0
8718-6104 0.6676072393357596 -1.4250234304137046 3.0602896232916965 0.668208556821759 0.39612682473300437 1.0
8718-9101 0.40551157235620083 -0.7656926650969882 1.681319264212726 0.5405353732357181 0.21045165678317354 1.0
8719-3703 0.49210045933681107 -0.9288800455806056 1.5002532126619776 0.9286188810521003 0.23813317472954496 0.0
8719-6103 0.3548894346829218 -0.6146555795313396 1.2541305887274792 0.5630289418335543 0.23048741647813836 1.0
8719-6104 0.4179733513681332 -1.0047568393513553 1.9005911942735378 0.7151492593260961 0.17868622541642848 0.0
8720-1902 0.4873547465746161 -0.5494159921786556 1.9672354028135721 0.4957573718759083 0.14618334202008393 0.0
8720-6102 0.3754942076375757 -0.7682805791492432 1.7352964741260724 0.6061317993000956 0.20255664843221197 0.0
8721-12705 0.4706233300699487 -0.5823433376754246 1.234976164931104 0.7439562318127898 0.33062495704051714 0.0
8721-3701 0.3616316892766975 -0.7465479820735426 1.9353339041655557 0.44385094309652956 0.2071774247827324 0.0
8721-9101 0.5182451562895832 -0.9211353557825305 1.355417266322063 0.9635308524882776 0.399202145730557 0.0
8724-1902 0.30042013345425944 -0.7948175727279854 1.4537336653905726 0.4426824549589031 0.11934722381710507 0.0
8724-6103 0.41265687219466013 -0.6400901343824446 1.482996784858367 0.6265566997225176 0.1837245057029268 0.0
8724-9101 0.3886458684418825 -0.8669794617392722 1.75793392897584 0.5726901651050236 0.2662555633004542 0.0
8724-9102 0.612367873127218 -1.2176461559215475 2.159791246965831 0.6528031340559561 0.4144941872965482 0.0
8725-3701 0.518785385555069 -1.2789507173842345 2.220746209759689 0.6498727707208654 0.16111898738003555 0.0
8725-3703 0.40774148974577845 -0.8218335894160267 1.6432878036812548 0.5526454081587883 0.23540749992047916 0.0
8725-6102 0.47072779762253625 -1.0558603869621699 2.05542839635506 0.539459289230821 0.18272878285252278 0.0
8725-9102 0.3770705202458881 -0.6548517089753636 2.0135247839169463 0.602738652977529 0.33059326756238594 0.0
8726-3703 0.34354886239462085 -1.3914191592562952 2.178625071594571 0.3504584371821351 0.1410321229472979 0.0
8728-12704 0.5313581753719729 -0.6346161826278237 1.013457657558142 0.8442850987729661 0.4228255160761157 0.0
8728-12705 0.4202682288787196 -0.7689577665599121 1.3872735533426535 0.6459957531636972 0.2928115752027619 0.0
8728-6104 0.4373982224862641 -0.7346406844007827 1.531773543103569 0.8477374342774814 0.18640327090166756 1.0
8931-12701 0.4779576421835288 -0.7257978303938657 1.5968049547282899 0.7312135949167847 0.32988680160990985 0.0
8931-3701 0.7216358873803794 -0.5493424196858819 0.9585038188932644 1.0889794389259915 0.653121183938698 1.0
8931-3703 0.4738959519208693 -1.2570392966589452 2.201199119970043 0.47709834346733077 0.10454191833973864 0.0
8934-12701 0.4574770708191496 -0.734563426446273 1.309136167269881 0.738138095710635 0.31658027736096145 0.0
8934-3701 0.5458552375651093 -1.5536110712084015 2.583999523106316 0.34244527573537953 0.14584483848689733 0.0
8939-1902 0.3178367959216824 -0.7315455421633945 1.7844940721389138 0.5336784341068385 0.1531926357197776 0.0
8939-3703 0.42225607894840017 -0.5940437647836038 1.6796112836721266 0.4565304289802393 0.17450723014389083 0.0
8939-3704 0.5304988286057631 -0.7926407251891925 1.5635477097849635 0.6523163269089407 0.2750530524905109 0.0
8942-12704 0.49189239250385713 -0.8101897272195695 1.0928681810703142 0.8501441025521754 0.29971920829877136 0.0
8942-12705 0.607020587300949 -1.0680215570119016 1.3108399524768832 1.0722983991533772 0.3720259159812847 0.0
8942-1902 0.34000195504921654 -1.065933230267502 1.7709123465410466 0.5651518534800908 0.13166274455048507 0.0
8942-3703 0.4873875016621453 -1.6495465602552486 2.852582061238478 0.5161497633000935 0.1733711842850014 0.0
8942-6102 0.386560494950268 -0.9408348344078994 1.6476155480749077 0.6792642795651753 0.15831555929732927 0.0
8942-9102 0.6260829856763205 -1.1271071897375775 2.6487123498342022 0.661661110187666 0.20564527313160325 0.0
8943-12702 0.46229829989767685 -0.6749637810629298 1.5424471455801676 0.7226591639840666 0.3244635046844797 0.0
8943-12703 0.4634771783931823 -0.9181405666270176 1.0270915491721635 0.8275277151856754 0.22058250283820216 0.0
8945-12701 0.44281088407863206 -0.6146695040238894 1.144850217929659 0.6846352820737986 0.2694261998231648 0.0
8945-3702 0.3957016167581663 -1.6451551839270424 2.4304193524546513 0.3471483826290271 0.14234115002569106 0.0
8945-9102 0.2735531925317357 -0.6658704849794653 1.4429876707777576 0.4017174027398481 0.16927407370483502 0.0
8946-6101 0.4759509800002682 -1.1942699321274504 2.119193721841018 0.5598536367394145 0.19397029761462203 0.0
8946-9101 0.3961363711860704 -0.9999239278635184 1.5479493358303973 0.6125923781013237 0.19362889534531488 0.0
8947-12702 0.595917020108994 -1.1756551308426968 3.093578394422896 0.6335420186468966 0.29656939674270244 0.0
8947-12703 0.5208665709203212 -0.7451902997794686 1.3155843450031157 0.6765606329428474 0.3809798829771467 0.0
8947-12704 0.5498422161086881 -0.7224816891381964 1.11369607990454 0.622481476909482 0.228065062464594 0.0
8947-6103 0.4537819928625366 -0.8321373261057389 1.859714631972432 0.6745572844643778 0.18774143916183503 0.0
8947-9101 0.40002825501476647 -0.6459341711186907 1.6201195700775741 0.5056004207533155 0.25229742023229873 0.0
8947-9102 0.3760443092594262 -0.7820390417638966 1.0985076340844877 0.5524853366555129 0.23665438379237075 0.0
8948-12704 0.5407698115003728 -0.6544016053592574 1.1016833125787253 0.8295025222711231 0.36603535191273784 0.0
8948-6101 0.3748281135578582 -0.8044406322410413 1.6055063290717484 0.38962420623283217 0.12161758866343174 0.0
8948-9101 0.2897559002514723 -1.1888691756827312 2.0747992072973296 0.8179133518239646 0.1462588690421701 1.0
8949-12701 0.8201184461700713 -0.709575896005336 2.7417447089106863 1.086848072052677 0.9701492610109055 1.0
8949-12703 0.5351238648456852 -0.8553766191620925 1.4737265105300716 0.8831978790419648 0.3344234443489262 0.0
8949-6101 0.7004876710529464 -0.6346400521423685 1.0050860841984717 1.222401667727312 0.7614234981120935 1.0
8952-12705 0.4885866858978146 -0.7896428729625776 1.6493511995634147 0.5616159097222949 0.28987201231519877 0.0
8952-3703 0.3785186028027679 -0.55147360553113 1.1060874585644447 0.5001943176707647 0.23773198069151227 0.0
8978-12702 0.5551002682583027 -0.6384678334352654 1.6112617786139258 0.9178297183622447 0.5324979776021899 0.0
8978-3701 0.4602921252910704 -0.711157688316985 1.9404725459774546 0.4620330645373131 0.16479751369651127 0.0
8978-6101 0.5067521421591468 -0.6369027580168029 2.1326493956293135 0.6312510616737723 0.20528131547325246 0.0
8978-6104 0.38584220200317054 -0.8791894987962003 1.474849971541672 0.620759079842003 0.20959014807674511 0.0
8978-9101 0.4516154107673291 -0.6539311062005886 1.06567881489362 0.6780828062529566 0.25769600132365605 0.0
8979-12701 0.5672148866788578 -0.6803869762251493 0.9982780073648192 0.7872526544639542 0.3481522525323716 1.0
8979-12703 0.4666154580188627 -0.6321888067492893 1.5115061872792563 0.7588791968793848 0.42087375684928463 0.0
8979-3704 0.5105003254666064 -0.5451134723962161 1.232846919980998 0.5998227066114917 0.2943699765716435 0.0
8979-9101 0.3995404644398412 -0.6439549831773305 0.9611271474306997 0.46154733117101376 0.24017018258060627 1.0
8980-12701 0.5629126439739083 -1.0721839420210169 1.2783932145335508 0.9238193215255102 0.31529008244559514 0.0
8987-3701 0.37567505133188933 -1.0790027795012929 2.018403334749189 0.3289226376288369 0.15377737381523274 0.0
9002-12704 0.5036883213541488 -0.7378186835124291 1.20523439264815 0.7392515620691729 0.4509121984876995 0.0
9002-12705 0.4339238412073104 -0.6010068097191983 1.3606063314295351 0.5685669956516316 0.29898616120251004 0.0
9026-12703 0.45272073210085556 -0.7535398124066628 1.4206835626918428 0.6760093914606011 0.26588037526618047 0.0
9026-1902 0.33223399367683115 -1.3307608311892665 2.1066135186940866 0.31134125562238774 0.14700033352046993 0.0
9026-3701 0.41464321609206073 -1.794261765462666 2.705620326768059 0.28999748007436815 0.17002579064978252 0.0
9026-3703 0.29325267791569115 -0.812456349515399 1.5061613010010408 0.49460081238536985 0.1620176818957645 0.0
9026-6102 0.3834584781401107 -0.6920311388995369 1.290820908131403 0.5755235413910028 0.15496139981643928 0.0
9029-1902 0.5526410972232918 -1.645180263221817 2.7847889179354803 0.245056395405184 0.12668625820030746 0.0
9029-6102 0.4555160100661737 -0.6813111691162871 1.4763735547131418 0.7010080700082251 0.17432689109892993 0.0
9041-3704 0.3286183105261172 -0.6274422229281692 1.1282869629304564 0.472417144470585 0.24705561016116898 0.0
9041-6102 0.3824917218196158 -1.0598691789572288 1.746126753829127 0.4272152281141646 0.15336510559439032 0.0
9041-6104 0.41426911992514914 -0.8038432746936016 1.6255553044262718 0.5131271327316629 0.12598205902533044 0.0
9041-9102 0.38435768919841334 -0.5381753374706656 1.3917416251858192 0.656925036509394 0.2627204507900353 0.0
9042-12702 0.4123100673988054 -0.9859296821067012 1.702939291823844 0.6069285210285859 0.2907923277945368 0.0
9042-6102 0.35548588739542336 -0.8886582462037037 1.8795274907680928 0.5328318442098596 0.15973565723481425 0.0
9042-9102 0.42396434975611047 -0.7678205571721765 1.3501291822493524 0.6746249447079722 0.17603633587895084 0.0
9049-12702 0.387479902607969 -0.7092719163212157 1.4058639231208734 0.5881951020583043 0.31005327517818854 0.0
9049-1901 0.38697219730235066 -1.2382117323050439 2.2152012147158544 0.3588486383731657 0.10984374115918247 0.0
9049-3701 0.3392728508789454 -0.6609755327921574 1.4652508771194617 0.4748932257913828 0.22100630831231274 0.0
9049-3702 0.564473182286604 -1.5931243543345592 2.743055845218303 0.4912623005291908 0.2750327066721131 0.0
9049-3704 0.5003304188531019 -0.8844387773324875 2.382003146828992 0.31589986707450823 0.18963632776852285 0.0
9049-9102 0.3573574548025183 -0.5906904248523033 1.6536057571208498 0.5980088795279446 0.2500415986027613 0.0
