plateifu gini m20 C A S morph_flag
10001-12702 0.5037390888676897 -0.6056359101390115 1.509161419896356 0.8346046762345662 0.44403336223388323 0.0
10001-3702 0.46743488217524615 -1.589817524182645 2.426021066031586 0.15591468391683705 0.12488919281002332 0.0
10001-9101 0.38393069213808484 -0.8408985984855942 1.6135527081984473 0.7412810013330098 0.17533710846804726 0.0
7443-12702 0.4184454959423861 -0.7925379685311622 1.3105796830386343 0.8084324859772286 0.30831428016559825 0.0
7443-1901 0.524015209662818 -1.3880247197774662 2.3372402677100474 0.3970959992780546 0.08796465620597194 0.0
7443-3701 0.5607774470371314 -0.884617495754245 1.8507485048589016 0.9118599871233037 0.17535716338362203 0.0
7443-6101 0.4591958374141521 -0.6910308965536459 1.2221779320760482 0.48328924491027714 0.20952667883233173 0.0
7495-3701 0.3385836209544998 -0.6652575873099136 1.3018300188109606 0.5453628269339467 0.17547726878257802 0.0
7495-6101 0.5540987490582283 -1.2607492638553766 2.2704609578673987 0.4892546941598592 0.25746171312772737 0.0
7495-6102 0.5302787458748544 -1.0676242299163985 2.6447163171149817 0.6922345907379909 0.18532831946261571 0.0
7815-12703 0.7493050055984972 -0.5035990970912385 2.6091723373733187 1.0604597818523815 0.8554363619118384 1.0
7815-3702 0.41353585602336757 -1.0940559217391224 1.8406269587033783 0.3105608345061933 0.11409891166638178 0.0
7815-6103 0.3226420964603205 -0.767686361734977 1.5450874314807646 0.42428346805537365 0.16542657409168907 0.0
7957-12705 0.3895930337828019 -0.6339908448147415 1.450486652449823 0.571142915607178 0.3665350596720711 0.0
7957-3703 0.5606952392743721 -1.6334069584132918 2.5589363050461857 0.4881478423823419 0.16303470563402803 0.0
7957-3704 0.5197433263982948 -1.3858852106304493 2.3225024796288114 0.3812662276590027 0.19498461675304216 1.0
7957-9101 0.39519454134802867 -0.7194404204806668 1.3528010037063012 0.7191104434213262 0.22686059584093735 0.0
7957-9102 0.5384301240069498 -0.7467249984057477 1.2595955538933192 0.847626483058928 0.2444400125942303 0.0
7960-12705 0.3009937253438331 -0.7903319651261695 1.619233139805849 0.40654189497903714 0.2286972124196061 0.0
7960-3704 0.37684882723072827 -0.6014661314119956 1.5622588030408928 0.6544883843238648 0.2252476459018909 0.0
7960-6101 0.4153287204736409 -1.0530343905924853 1.9716513388272892 0.4769892405518487 0.14601553949379403 0.0
7960-6102 0.4455025574353431 -0.9341789217534052 1.673358759638485 0.6650932731251359 0.1430471711219365 0.0
7960-9101 0.45197144766840514 -0.8046488417746506 2.034988313472695 0.6845485050629031 0.2751892353694666 0.0
7962-12704 0.5145146225316872 -0.93680002511373 1.8158018328343424 0.7007621863964517 0.22175510817258795 0.0
7975-12702 0.7564080345096771 -1.5337885609914161 0.8621736285130971 0.7242079398883549 0.4224319213781877 1.0
7975-12705 0.4685001383202833 -0.5629562225083213 1.1441354096343639 0.8321167273283935 0.34937699746263867 0.0
7975-6104 0.5452585535793186 -0.4523933758653071 2.4560300592578166 0.6792664884032424 0.3287067842269421 0.0
7975-9101 0.5101397000543781 -0.6570367392489073 0.899192167119788 0.5194764967705213 0.2552307171305262 0.0
7977-12701 0.6385990617165166 -1.2384558483568378 2.470350553911407 0.745366416496383 0.3186416261716073 0.0
7977-3703 0.37632976246491884 -1.1123455549260242 1.7715928764719968 0.46868362543087727 0.12585787624725106 0.0
7990-1902 0.39784194635877457 -1.0406399020024086 1.90881370966824 0.2474714966847398 0.091435979531581 0.0
7990-3703 0.34004066506495384 -0.8382095525894538 1.708140449411818 0.47712697627063116 0.1384575180323223 0.0
7990-6101 0.539895033235022 -0.7067388132401211 2.0813916774976446 0.537343179336876 0.295025987608306 1.0
7990-6104 0.3631118491880302 -0.6521208222395141 1.3403411746316118 0.6817683028229707 0.16761936839371158 0.0
7991-12704 0.4028744996937248 -0.5691165470104316 1.4634339629827362 0.6299397473051833 0.3031514582760233 0.0
7992-1901 0.32915303153768194 -0.9852244685673066 1.6697864084738052 0.3467026075993145 0.10668946467261918 0.0
7992-3702 0.36779792280126095 -0.7724929520825649 1.5127611542194241 0.4251052493130502 0.17399943191773415 0.0
8077-12701 0.478826331040583 -0.664065878507297 1.4193064328016485 0.8138395527015112 0.34692754343132504 0.0
8077-12705 0.4695313880200999 -0.544070082245887 1.417948614218294 0.7379212210012862 0.318166343376069 0.0
8077-3702 0.5463359427520608 -1.5436198882320495 2.4245775339672755 0.1986793213309098 0.15879455958845448 0.0
8077-3704 0.44890730898157016 -1.2885225654343466 2.1963363348591396 0.2955324303774659 0.14889324919425767 0.0
8077-6104 0.3684140876816127 -0.6138714328277894 1.1193463972602788 0.5531506889875449 0.2538708678312291 0.0
8078-3702 0.4067259843375368 -0.5910853050872753 1.4167034133390974 0.6432883174391542 0.22759503370843787 1.0
8078-3703 0.35587679262395644 -1.229956401099555 1.9289392002157877 0.47340792592367176 0.13988870539229578 0.0
8078-3704 0.36262654137115913 -0.6048350607140631 1.3019701169726532 0.5832344353084766 0.24949590038611957 0.0
8081-12702 0.725862709493921 -0.8347193015384697 3.1964387984362883 1.2200181413594098 0.49692208495391016 1.0
8081-1902 0.3363658041801051 -1.5369391189066157 2.0748582228880226 0.330740513456948 0.11382023121297163 0.0
8081-3702 0.6644613697626719 -0.45752369267207393 1.8002526721639212 0.9720955598573316 0.6044226830162867 1.0
8081-3704 0.42624238180426277 -0.9511796712673815 1.9709042085312785 0.45513450896383545 0.15958943101603232 0.0
8081-6103 0.36193195307054565 -0.7973448484130911 1.8659692356959163 0.5779555879550705 0.21224426048525316 0.0
8081-9101 0.5119437237859263 -0.7320611442104386 2.033114439370585 0.44523845089861697 0.20972572352425653 0.0
8082-1902 0.68719921406763 -0.6438938992322465 1.3377921366887207 1.1191755718144452 0.5506179378971504 1.0
8082-6101 0.6106438737763488 -0.84241715553588 2.6238779208558745 0.8304550864826081 0.4939339218243892 0.0
8082-6103 0.37075690500706443 -0.8225747717861042 1.7185206755380849 0.5805233256751539 0.14307783729793844 0.0
8083-3702 0.5277107553921734 -0.8182039222336187 2.441870134252574 0.5644129337093554 0.23429990722370445 0.0
8084-12701 0.5051930783784612 -0.8013054363643921 1.6370307373539248 0.8181233061033647 0.29347850283383276 0.0
8084-3702 0.3701285544243195 -1.0391506698054265 1.8496277363974722 0.34771115720219054 0.1509503346294423 0.0
8084-3704 0.37553707607444375 -0.5095424897608698 1.5234442077500812 0.560632543912835 0.25779622031123667 0.0
8084-6101 0.4118452656766771 -1.1303491496782065 1.92049888483904 0.6648438179463261 0.1421089599014673 0.0
8084-6102 0.32971065977780917 -0.6976190519606235 1.3814201494015321 0.41792331777131575 0.18503689818937963 0.0
8084-9102 0.36864172945088225 -0.9830826673426665 1.732868389339336 0.5437679984610903 0.18102549078682584 0.0
8086-12701 0.6593815490707186 -0.823197732054044 1.4010566000483462 1.1207301069336666 0.6119986326845229 1.0
8086-1902 0.3778346797210636 -1.072550292543754 1.6853794515171103 0.5206203363668848 0.11219306794988952 0.0
8086-3702 0.2447164610167437 -0.5752922607124578 1.3556728126722875 0.23216497586194795 0.15965805511634615 1.0
8086-6102 0.7804398280783968 -0.6074048356640824 1.1899617440080474 1.24706794171775 0.7681163870869931 1.0
8131-6101 0.45614455486779715 -0.5692502674195314 1.4965230304284858 0.5897029968058071 0.248635972325941 0.0
8131-9101 0.5381086898473599 -0.9535037845287861 2.341795298016093 0.7882918912578126 0.21158851615013907 0.0
8132-12703 0.37327587143690927 -0.6744260927999485 1.170722584627201 0.5449129778764281 0.24662431276240626 0.0
8133-9102 0.7248952598186585 -0.6429665864151002 1.4730036589919402 0.9669619553078912 0.6851283478666939 1.0
8134-12703 0.37681443965932027 -0.7848950643248317 1.8081653361217533 0.6059021285104593 0.23847497046841576 0.0
8134-1901 0.3269020642975337 -0.7793083326667283 1.3238185072188988 0.6145719576291663 0.1370908280046159 0.0
8134-3701 0.7396536605145724 -0.784408664481204 1.4698547503223076 1.1379251338105936 0.6077859194171149 1.0
8135-12702 0.50015570644729 -0.6215083483026705 1.2640405155851502 0.6427344035834812 0.3067368705310478 0.0
8135-12703 0.3877495616242833 -0.6446581436630437 1.4760216905883847 0.5523953593027904 0.31854524729750666 0.0
8135-1901 0.47537484377160094 -1.7083673130810637 2.6219305394009695 0.3764753874932518 0.1373001955945204 0.0
8135-3702 0.37612115921245837 -0.6162008909508246 1.372133827620659 0.5378266194525327 0.1829810271420253 0.0
8135-3704 0.41045503669925076 -0.5649996259162235 1.6272990049451532 0.5806079284563042 0.22816073809636064 0.0
8135-9102 0.4542858784196236 -0.8257153488531417 2.0140417963124095 0.6166751742423667 0.29680026127085873 0.0
8137-12702 0.35753877574154397 -0.6538303293679035 1.50034943381082 0.5125687554978274 0.2356387934954352 0.0
8137-12704 0.44369655867903185 -0.6825855637700933 1.4238690574441648 0.6415544600084963 0.32455248521900965 0.0
8138-12701 0.40157924751110663 -0.8058445583404783 1.450626966008013 0.7130338803630173 0.21579268444302166 0.0
8138-3704 0.45860814200152017 -1.5021454003535493 2.6612376897203927 0.4701266880941151 0.2292476005363426 0.0
8138-6104 0.3852754611798722 -0.8581277210548801 1.5886886764952113 0.3720744429327768 0.1593658992874259 0.0
8140-12705 0.40056552178027577 -0.9001681992881481 1.323396960744099 0.7085388274537596 0.22191965014825316 0.0
8140-1902 0.2813222351860477 -1.0752805395126424 1.8247447084869473 0.3334060029723501 0.12875535566742585 0.0
8140-6102 0.4076611527203067 -0.8940825241330539 1.734975014485975 0.519469320640919 0.18678319727603315 0.0
8140-9101 0.4565865350648448 -1.1945545607317383 1.6742461445407493 0.7499314941252702 0.20400889889386845 0.0
8141-12704 0.4278112237524218 -0.6782531110999833 1.2945559110952942 0.7114319628349625 0.31332207681633234 0.0
8141-9102 0.3928673194918742 -0.7948458874848491 1.3824543426239129 0.7639022121222123 0.17595726992780064 0.0
8143-3701 0.8251399275969379 -0.6817010057804455 1.0132682332277692 1.3352221858870252 0.7756445268145871 1.0
8143-6102 0.35661045840674466 -0.663438917243064 1.2377296882881141 0.5416240127763178 0.19692883519335974 0.0
8143-9102 0.37350226478299453 -0.7352567784446062 1.6050998910055327 0.5441969805954172 0.3161695767070522 0.0
8145-12704 0.47226925064443237 -0.7145988553773149 0.954132777122766 0.7286235816658616 0.27956769818085947 0.0
8145-3701 0.43680752381229604 -1.6305634643700129 2.365094570356825 0.2781899359992622 0.1567031057279193 0.0
8145-6103 0.3407183825611247 -0.7164603349938243 1.3864820889996308 0.5516674719088746 0.2158605104273203 0.0
8145-6104 0.5847027586031457 -0.8949934908625995 2.1190166256645138 0.6267150724640428 0.3295211277397617 0.0
8145-9102 0.580788816065737 -1.0704657833339386 1.0905177639492545 0.9726167160768165 0.2076717235920843 0.0
8146-1901 0.5170308506758264 -1.6130064330597322 2.3595461367722983 0.18144965673724975 0.07580395798449821 0.0
8146-6103 0.4958802658862849 -0.8969524223183034 1.0358369643193712 0.9100473707844329 0.18397349496998633 0.0
8146-9102 0.5811234422189157 -0.6987087077201611 1.5257168145792317 0.5292213110476431 0.3210880823313877 0.0
8147-12701 0.42337233288535625 -0.5790059509424925 1.2705914544815557 0.4525441454316972 0.22926293464028105 0.0
8147-12703 0.40756106605680675 -0.8952866345528517 1.264781286570804 0.7356124600092332 0.20001144186441466 0.0
8147-1901 0.4340154419508299 -1.6257350237052015 2.3925838185229544 0.133849053581476 0.08423211977151882 0.0
8147-1902 0.4169357055346605 -1.6557938208616414 2.3725002756002733 0.20497870124529904 0.08475021053047516 0.0
8147-3702 0.3993543007821201 -0.8339959165622015 1.6798631670331545 0.4238834469391843 0.14142926399352046 0.0
8147-6101 0.4070580939328763 -1.2204780946715807 1.772447474652812 0.7123183419041642 0.12486892469951999 0.0
8147-6103 0.3414668394294265 -0.7258027383342146 1.6572291755364585 0.5147946728561078 0.1231797650899544 0.0
8147-9101 0.4631503911031952 -0.5377310835237481 1.4378219755537156 0.6543581562194598 0.27050535983890645 0.0
8147-9102 0.6410085781572467 -0.7510094828352689 1.2571675640187376 0.8885084485933477 0.25986823318685437 0.0
8149-3703 0.66530907535729 -1.1083503022037726 3.2494323484041443 0.7152941024114408 0.46823763384681844 1.0
8149-6101 0.48633602650436225 -1.000817223374648 1.5028225647265925 0.8141689501649738 0.17184450911456917 0.0
8149-6103 0.4787735617131971 -1.1893152946136019 1.4998916909779367 0.8976456992517632 0.21402412562629528 0.0
8149-9101 0.5224041664522094 -0.9422584413832878 1.333383387940117 0.6722532061503282 0.16798532245674672 0.0
8155-12703 0.46518573800620233 -0.7761910162280512 1.387209642752878 0.8792817307490484 0.2574397647528085 0.0
8155-1902 0.3888763358438347 -1.570611596120863 2.262945905226224 0.31969912917444837 0.11987328471883149 0.0
8155-3701 0.3710766518943977 -0.7277554193382401 1.3417052352596615 0.5770042130843231 0.18143041088156112 0.0
8155-3703 0.5273202155001727 -1.8435537810348495 3.0583636515668693 0.2191439247209455 0.16073852673888223 0.0
8155-6102 0.3306503920394754 -0.5593151024650975 1.4502904194145707 0.4413531973095031 0.24610894469968272 0.0
8155-6104 0.3047363833105837 -0.7243033868217278 1.6529818617212415 0.447026350564226 0.15070933111815624 0.0
8156-12703 0.48030982390773813 -0.5803812986860277 1.521148825849286 0.69835838811836 0.3131973327138127 0.0
8156-3701 0.3859447543104523 -0.8809338435244465 1.5878470933815867 0.6053230915830343 0.15396315882862321 0.0
8156-3703 0.5003067795040735 -1.302829643227829 2.428619770187117 0.5209674011157273 0.2009703704760366 0.0
8239-3702 0.46905188234502077 -1.2070920019941742 2.0258832439086314 0.5963068237330836 0.18090204312747113 0.0
8239-3704 0.39956547669243875 -0.6641166468258439 1.4946254126575345 0.5500099457087124 0.23447690426424392 0.0
8239-9101 0.44309196416082536 -0.6835447394372667 1.294951585853673 0.6317490197404605 0.24996683421512042 1.0
8239-9102 0.4444889605239264 -0.609430921374717 1.4214931220576674 0.6475354733502573 0.4116137645676265 0.0
8241-3703 0.33117335489031596 -0.884192048216853 1.1726259630628264 0.5334511741092408 0.16411001008196316 0.0
8241-3704 0.3444749105190773 -0.6252911374182473 1.3805669956425604 0.3659345198412208 0.19864047383355626 0.0
8241-6101 0.4461969795701653 -0.7985671525205543 1.6717383811578057 0.6098297680339914 0.13662922420676324 0.0
8243-1901 0.3969569337604388 -1.7561343874704156 2.527940461824854 0.28252084485757906 0.11542957721453685 0.0
8243-6102 0.6057226498516438 -0.5901570179030814 1.9066313154255625 1.0370184448183333 0.5879909135745387 1.0
8243-9101 0.47861821691504786 -0.941948545632453 2.0499930685843593 0.5367354847897498 0.176199455897068 0.0
8244-12702 0.3736435420682365 -0.7719496920379407 1.4280127389338528 0.6000225703957506 0.19723184287851442 0.0
8247-12702 0.36221734161504116 -0.7657238490186311 1.6333099508416185 0.48406280071515084 0.25201746234992745 0.0
8247-12703 0.35499807068717304 -0.8359058774862711 1.7085357506391272 0.573531184830866 0.26188582240670255 0.0
8247-12704 0.3404752523314549 -0.790628143772746 1.3260189693753373 0.5265411768686356 0.1918023445267785 0.0
8247-9101 0.2964284822110713 -0.7121949823936112 1.3158371018446438 0.4862735093853832 0.1920928248411315 0.0
8249-3703 0.6057299069060526 -1.8647536425813749 3.0792911827495923 0.21229998880354672 0.18882660033496557 0.0
8249-6102 0.35112354319861877 -0.9317993706084184 1.6252705961548333 0.46407879294213955 0.12683666368324722 0.0
8250-3703 0.41571691415537354 -1.1859591545755988 2.2841766386261404 0.4501257209623173 0.26078447315906095 0.0
8250-3704 0.3921704083057889 -0.9626036393309794 2.195916562709996 0.4901327504668819 0.25399863994735183 0.0
8252-6101 0.4147391605355389 -0.7492992089488271 1.44192937066761 0.547713825757031 0.14497022929199221 0.0
8252-6102 0.40185140920158524 -0.694145447713779 1.077705224690285 0.6282271471075086 0.162033949788885 0.0
8252-9102 0.44105895076249024 -0.9044290576132037 1.9135082956013956 0.5873616690644071 0.15663105201987457 0.0
8253-3703 0.3870012261311375 -1.209130139716755 1.993848932008303 0.3568292108671687 0.1259702004277986 0.0
8254-12701 0.4333533039316694 -0.718452596404638 1.569535226482785 0.5236209931489783 0.33536835331891063 0.0
8254-12703 0.5540821250476927 -0.8976312429593678 1.9444499580668402 0.7002297395421957 0.2999493835420514 0.0
8254-12704 0.5092903770612857 -0.8523342957461508 1.821161439692236 0.829355055883908 0.3768145403061518 0.0
8254-1901 0.5149769120824172 -0.7841440464372008 1.7166771348079335 0.6447659741445955 0.12640915086909307 0.0
8254-1902 0.4485716727157978 -1.3433944827652722 2.126014821346817 0.17825319272400014 0.07649707221019329 0.0
8254-6102 0.29011963873271335 -0.8090513107990626 1.5755680937592564 0.32231580701153206 0.13124284458235524 0.0
8254-6104 0.43613204181354925 -1.3309916437716012 2.334217816754849 0.7368272335352924 0.0 1.0
8254-9102 0.6611409117706412 -0.7779166834276254 1.9699610879890286 0.8848136657282772 0.6083208568454658 1.0
8255-12702 0.36564879164352726 -0.6271257076517948 1.1330181336607466 0.5628579519985395 0.23414737418954207 0.0
8255-3701 0.45984533476177636 -1.4737099915612084 2.3740358939234723 0.42886335079004245 0.14429337734171474 0.0
8255-3702 0.36171353041129956 -0.7188478203370856 1.5120649734821305 0.4506486754773861 0.16654805135307862 0.0
8255-3703 0.6456647588930712 -1.686190432974226 3.1551744922615117 0.5447111323030315 0.3242270088289174 0.0
8255-6102 0.45059335733709216 -1.6278100415844434 2.5394752242835934 0.18516106941118196 0.16373932056629598 1.0
8256-12703 0.5556253983392705 -0.7533030330892814 1.7017943228910544 0.7478444504348126 0.47305309865250683 0.0
8256-6102 0.5486121593907581 -0.9252996853474378 1.9789435000568834 0.5410656504936869 0.34785321132689595 0.0
8257-3704 0.7031676714472621 -1.2091927021138336 3.3143981847228017 0.7295423978533079 0.24088682506614575 0.0
8257-6102 0.3477019150386803 -0.9440867012294857 1.5536129500510552 0.5492886048663451 0.13509529144770382 0.0
8258-3701 0.3831877352116568 -0.6822429191615547 1.5169675517404466 0.6136614603760707 0.199716811682827 0.0
8258-3702 0.4136838995189812 -1.1814998362521916 2.0661026645782696 0.39437591833797164 0.17969351973197595 0.0
8258-6101 0.3552935081456091 -0.8249330092154628 1.6073744552850353 0.620375970602303 0.149286209838913 0.0
8259-1902 0.33455675856971134 -0.7742040600041937 2.0462776799834033 0.33824656719768564 0.12006418233280929 0.0
8259-3704 0.3888781855865226 -1.2846416646095336 2.0259183058773447 0.22903230944425085 0.1044731804016645 0.0
8259-6104 0.33035888145135645 -0.759638309608021 1.392436678290849 0.5676264840609945 0.14544381923333863 0.0
8259-9101 0.4577352902826656 -0.7590879985041958 1.628441269710207 0.7141629215255679 0.24199944833682574 0.0
8261-1901 0.30551269594833014 -1.5482755893447822 2.095141917194904 0.22421204680491086 0.09715336834279965 0.0
8262-12703 0.5275909989634565 -0.6523142660560365 1.200407005335956 0.7524001260246549 0.35584859994591467 0.0
8262-3702 0.35812295444083586 -0.917647091337923 1.7074211819743337 0.6039996252734988 0.16344704132800794 0.0
8262-6101 0.4359764515709794 -1.0637227452314773 1.3520315856029594 0.710213267491382 0.1742892908210299 0.0
8262-9102 0.4449672017206768 -0.7924522464708843 1.825901010813116 0.5693047380023786 0.1865574429348855 0.0
8263-12704 0.5269211194549662 -0.6325364347509846 1.5615198350324242 0.7779079127986753 0.4252607419919622 0.0
8263-1901 0.3767785364230541 -0.6729349537584903 1.8259408128383583 0.6320064113919828 0.13489055803343006 0.0
8263-3703 0.5249627377397931 -1.3164820871751657 2.3362521931034257 0.58262423928537 0.27011135950188214 0.0
8263-3704 0.5628695037121142 -0.5402776795577131 2.197285028922498 0.7042897175698815 0.40693177088256743 0.0
8263-6101 0.36641932781951664 -0.5842073887669876 1.4469458218681717 0.5029056568439007 0.22009528781704188 0.0
8263-6102 0.5246184759578832 -1.1109687691899093 2.0335312444710434 0.6503473810519699 0.16802162910989368 0.0
8312-12703 0.40857086483301386 -0.8620686315079956 1.6820513367058931 0.45853773863062447 0.14165288086967343 0.0
8312-12704 0.6200033418379555 -1.4784314415218076 3.2221886645375495 0.5488130409516341 0.42116007860080384 0.0
8312-6103 0.5840954002287013 -1.1030657207726362 2.1964368795849554 0.5757205829677664 0.40546276476138726 0.0
8313-12702 0.4712771583874435 -0.7728106367864054 1.5143486554944787 0.783858235656101 0.25991186313351844 0.0
8313-1902 0.43850562386237335 -1.3610401878961313 2.156901961887275 0.26400533889566224 0.13105548317753551 0.0
8313-3703 0.5256317681442823 -1.7700202807444696 2.715206281068943 0.30926638552286334 0.15018009810343527 0.0
8313-6103 0.39107374358435365 -1.0865682872262985 1.7283349175377203 0.40120753287907823 0.09502744789153633 0.0
8315-12705 0.3743261208032076 -0.6200468023013604 1.8197233945017912 0.5977265177478933 0.25053447918229854 0.0
8315-6101 0.3261370403593803 -0.6184489075129985 1.563129156567618 0.52411394263044 0.2360794265016986 0.0
8317-3701 0.523537643083903 -0.5263562941402967 1.1915010109098465 0.641115592107331 0.3194487741228904 1.0
8317-9102 0.3471370572238998 -0.7489296313205375 1.3316453948861142 0.4920482460370001 0.19922679924791675 0.0
8318-12704 0.4650138521016035 -0.7529353951417008 1.2923150067163705 0.7820265176534185 0.35684928406757466 0.0
8318-12705 0.4458031151869983 -0.7395296062418882 1.048158872491099 0.7282630964634447 0.2828457455701229 0.0
8318-6101 0.577355895128531 -0.6882925606176832 1.4871159220887278 0.8854460403189028 0.2425718973423288 0.0
8318-6104 0.3819778301378504 -0.8674829622348397 1.3384731753235006 0.6998576361921779 0.16467296294731643 0.0
8318-9101 0.3986362945842758 -0.6189270906501471 1.3015107841748454 0.517474402418615 0.20890103477487545 0.0
8319-3703 0.3958726655723146 -1.0529079529106802 1.7042012074301245 0.3798463065057357 0.1373428310998898 0.0
8319-9101 0.33376260088858856 -0.684431055348051 1.6241341966508192 0.5192030539365713 0.1932995394173274 0.0
8320-6104 0.3554303591301297 -1.010618049996784 2.0566045972350815 0.4778855380810855 0.13877247816353508 0.0
8325-12701 0.4639739796587626 -0.6724875880036659 1.4381441689493561 0.6914392242300821 0.35217900274318154 0.0
8325-12703 0.48180295803685563 -0.65876048196726 1.3209846619290233 0.8038623760812285 0.36767310571581957 0.0
8325-12705 0.4114124203445503 -0.6899293192219351 1.523158640340322 0.6521085040555307 0.3440948507852042 0.0
8325-9102 0.5967590809873038 -0.5281626943809014 1.4496151386358558 0.650716080778259 0.37899528866579973 0.0
8326-12702 0.4319872614729774 -0.6792661966190816 1.268141627847463 0.6705544634156683 0.23046973263949827 0.0
8326-12703 0.40928052873448334 -0.625591612690944 1.5187941923809136 0.6534687748233462 0.28969476961771606 0.0
8326-12705 0.6123354016506354 -0.8054245243127528 1.450687938064343 1.079029026193613 0.3943454859501291 1.0
8329-3702 0.45402028227683416 -1.5874380496395872 2.5624376051887303 0.38076551465349634 0.14322197561906574 0.0
8330-12701 0.5002130171183053 -1.0031146932829331 1.1335816108757943 0.8786928018497226 0.28408382078126715 0.0
8330-12703 0.3429890552375082 -0.7516422330392406 1.4650197267008604 0.5476651056754177 0.2279505338462542 0.0
8330-1902 0.2874515061967107 -1.1042092842447877 1.7700558260360673 0.3751756129604024 0.11567637077140569 0.0
8330-6102 0.36893695139169214 -0.8125094052264905 1.7259293881910307 0.5377619952512652 0.1797171219406483 0.0
8332-12701 0.46099178609860797 -0.6058502604444846 1.3949081004216057 0.5514351399729172 0.2700214460383687 0.0
8332-3702 0.2896867816183742 -0.7259013872907952 1.4367922251285448 0.41957916775801996 0.1575700193945889 0.0
8332-3703 0.6787073878279583 -0.6713063779790914 1.0594666475331223 1.0705836566571376 0.6535581945730062 0.0
8332-6103 0.4452218402529318 -0.8629648200736755 1.5139038049085798 0.631149672838464 0.2158044909411376 0.0
8332-9101 0.3724330220003071 -0.7040382327059346 1.1141388878864609 0.4713034457250531 0.19818315675912113 0.0
8333-1902 0.5335819505018232 -0.8007942526439868 1.8060996332819088 0.6419898671550327 0.12870681211948584 0.0
8333-3701 0.3354206785225558 -0.5879264288306958 1.1397754023969422 0.5109872006466872 0.18759489112187722 0.0
8335-6101 0.6552342543575526 -1.4714713703439268 2.7988151183020173 0.3876296428127153 0.21850865517086054 0.0
8335-6102 0.39024017537779343 -0.7201810566778594 1.2204719891851914 0.6530070117660427 0.193553589435995 0.0
8335-9102 0.44793729520413356 -0.861191493269897 1.2998594344784307 0.7664632146245889 0.2326014984161329 0.0
8338-1901 0.4326433732105684 -1.1778487695379005 2.1000892514367155 0.28944961311836603 0.09008732944396737 0.0
8338-3702 0.3063142903968042 -0.6280773688260759 1.3552592795917493 0.43825129375863775 0.1763285159175584 0.0
8338-6102 0.48828499178523227 -1.065776104427259 1.6148280005777995 0.9635048939147045 0.1399237125952322 0.0
8338-6104 0.3600833970342 -0.7866553902338359 1.6957447727043296 0.5108122880808235 0.23496795506713905 0.0
8341-12703 0.5273595743343734 -0.9225818083532428 1.770214179508064 0.9866531955111678 0.3210576075480771 0.0
8341-12704 0.4103406062931214 -0.6701872926672667 1.3216640660256673 0.6571468837614376 0.2456650712724906 0.0
8341-9101 0.4937295254002583 -0.5869721071251772 1.7932928482250987 0.6624886760152129 0.23798202263140675 0.0
8439-1901 0.5076021588618718 -1.6111922403410395 2.5441312667032125 0.28077072655562363 0.09096550869168117 0.0
8439-3703 0.39285429332917426 -0.8189454126290392 1.6691864800152432 0.6620176138673164 0.1535857971469122 0.0
8439-9102 0.5227566183591132 -1.5531363131139089 2.9983276219030004 0.5837773654817769 0.15425746422363426 0.0
8440-1901 0.44355138276757367 -1.4972069549343834 2.2256806910948583 0.26024973157584247 0.10521308193161967 0.0
8440-1902 0.42578039780812943 -1.288822506617042 2.229337286331162 0.49667708452976905 0.0907921742190665 0.0
8440-3703 0.4592353394238882 -0.5546734713347943 1.1855558885696276 0.35258219772200666 0.18539075262293386 0.0
8447-12702 0.6532903196811191 -0.7985174699373384 1.1571693469701425 1.0351180776146236 0.4943468155081691 1.0
8447-1901 0.4724640663808089 -0.6003850608812342 1.1792635111491323 0.45970276471541743 0.14546347480063915 0.0
8447-3701 0.3162193981492874 -0.5766818798471601 1.2161883152585478 0.31664825273644254 0.18758326728243965 0.0
8448-3703 0.4929596602584337 -0.5675873030932734 1.2060844575742333 0.8486101648955879 0.23189884918220177 0.0
8448-6101 0.45457650701484614 -1.2290826183268346 2.3577982310409644 0.445162370813692 0.18100343192053728 1.0
8448-9101 0.35459557319795465 -0.6650888213223174 1.3928127504894716 0.6077447831440865 0.22545272511661926 0.0
8449-12701 0.42935976591339337 -0.9915204434663818 1.717020925692467 0.5708351328761226 0.24914543281501278 0.0
8449-3703 0.36834333482740367 -0.5954122964336119 1.7880512515859714 0.5990379241808715 0.17863445376581455 0.0
8449-9102 0.37732020016164797 -0.8730203716592505 1.3077156318641254 0.6360441661673796 0.20204896366067351 0.0
8450-12701 0.5275527197548231 -0.7502727238772283 1.7059342672003297 0.8433339024663429 0.45633321285086775 0.0
8450-12702 0.5482514507721542 -0.6651720848520325 1.2472028115849934 0.8075020812903917 0.37127332757051174 0.0
8450-1901 0.5312419514541595 -1.7107936029677702 2.4915989702470465 0.4566878118071506 0.17109076724927738 0.0
8450-6102 0.4391531803784185 -0.8364189088364167 1.7292968737818735 0.592816227094052 0.13593108372683563 0.0
8450-9101 0.31887286460626246 -0.8035197545321557 1.5566962262488762 0.4422984061645571 0.15822306190203939 0.0
8451-12703 0.3354648762693977 -0.7914796615812835 1.569189725486793 0.5670963493538856 0.25171079169070465 0.0
8451-3701 0.3834195939161667 -0.639312536937806 1.5044353623849398 0.5848819216467981 0.2898008905714028 0.0
8452-12701 0.4720762992974171 -0.666895588287593 1.3677368224621247 0.7750217567376596 0.3679859368421725 0.0
8452-1902 0.4125144664421123 -0.777983274623761 1.1398107052644801 0.5834530116626151 0.17451377845054294 0.0
8452-6104 0.310580817951687 -0.672495069733447 1.3260489625935379 0.4165479365873241 0.24555389893141255 0.0
8453-12704 0.5821191378251133 -0.7344737361590393 1.129126625551204 1.0375647132682215 0.4603185345037137 0.0
8453-3703 0.4892822785976519 -0.6081016376256623 2.0096513087808123 0.7098146938163099 0.3775838182539278 0.0
8453-6102 0.526146291741043 -1.121401785652017 2.0152993514455297 0.5699716758553653 0.15951576152690403 0.0
8454-12702 0.4952786452726753 -0.6211182529188145 1.7759026450751672 0.851646719495022 0.2768504184360671 0.0
8454-6101 0.3066738967646049 -0.7671207476500116 1.3541021068840724 0.48145520273865255 0.14780511856933606 0.0
8455-12701 0.44951310649552995 -1.0398109691933803 1.4097314932706784 0.8129722411827908 0.1506825288871833 0.0
8455-3701 0.24592079748122786 -0.7755227193660326 1.6785554714468398 0.32813676670446357 0.14707388553382716 0.0
8455-3704 0.35690798309366684 -0.6919124174659165 1.8572685535650821 0.5475281091800039 0.21530660546773697 0.0
8455-6101 0.37085291928863706 -0.7819554908511435 1.390501939383873 0.5234814872170684 0.12628777451148523 0.0
8455-9102 0.3686701447323353 -0.6067720069361041 1.4305163401329204 0.557711712172872 0.23289273406015817 0.0
8456-3703 0.6346188820622064 -0.6216693545167521 2.9869716394918324 0.6820463462020834 0.4764103221753143 1.0
8456-9101 0.3528216314960871 -0.739268546253117 1.2950827794157636 0.5694133344997331 0.22372267631722575 0.0
8456-9102 0.32165617560205806 -0.6001391828324008 1.3143116154918435 0.5327059947548277 0.23851747992218536 0.0
8458-12704 0.49535555379130763 -0.6301438731314036 1.2555338882738007 0.7145011360053529 0.417344067469037 0.0
8458-6102 0.5556054205772464 -1.619695279438401 3.564124741845683 0.5258442299029451 0.3717298870604634 0.0
8459-12702 0.535781587392241 -0.7183425818725935 1.4094047450719533 0.9391453617316512 0.3061387274304376 0.0
8459-1901 0.4379511142193486 -1.29292554065684 2.1511404543881243 0.4069966323383746 0.1041112868778607 0.0
8459-1902 0.4686788400609388 -1.5782601321974552 2.5019621825849807 0.2745217741352283 0.07931588405033276 0.0
8459-6102 0.4500255401420661 -0.6744076582039578 1.22852257009706 0.6452990614292996 0.24590758070624 0.0
8461-12702 0.5937462298624576 -0.7217596618513091 1.4456105459384814 0.9933373163347079 0.37186039159346 0.0
8461-9102 0.6629358894920772 -1.0414165383060854 2.4670708269286 0.7013023157684359 0.4291355031671004 1.0
8462-1901 0.7520692790898186 -0.5577472635869982 2.4162919402548506 1.1832903371796384 0.6085052474109797 1.0
8462-3703 0.393543080829773 -0.9893942412774515 1.6011136067253164 0.531788541176373 0.1361024132394036 0.0
8462-3704 0.3990688181092388 -0.9632317469698131 1.9171491642409901 0.46891806119776214 0.2265982015404803 0.0
8462-6101 0.2896443597023904 -0.6742713535037123 1.299653819351153 0.365947513819112 0.11734611458466429 0.0
8462-6104 0.3628086016203988 -1.0180745545835657 1.756306198409634 0.48586237780083597 0.10862040173452897 0.0
8464-12704 0.42456420641881126 -0.66783298898499 1.433701771436515 0.6931287941932129 0.31715942802282177 0.0
8464-3701 0.3222924748012427 -0.8466992952470069 1.658197823289135 0.4569119439839936 0.16260213608050733 0.0
8464-6102 0.3971088956460852 -0.6080405049373945 1.325954508659723 0.5322361733139873 0.2074716546690691 0.0
8464-9102 0.3671590570363603 -0.6860538399005166 1.326535557155264 0.6132636995290701 0.2471566042198885 0.0
8465-12701 0.3899200420269567 -0.8175261473589491 1.300478882090605 0.6030136339595419 0.24917123181221904 0.0
8465-12705 0.5335039915456199 -0.6953154726549955 1.255335893674979 0.6018364820332285 0.3573733498041281 0.0
8465-1902 0.6087627711925 -0.5557308411927075 2.3236696186589123 0.7275790250012516 0.2617958478959152 0.0
8465-6102 0.53172245282395 -0.924488504114076 2.2328559472106058 0.8538683762914723 0.1906004663927804 0.0
8465-9102 0.5127949613746332 -1.3901114105426604 3.1107966220569683 0.5549227889113912 0.2386747482069211 0.0
8466-12704 0.4752787554949254 -0.561855275713979 1.3959420635667126 0.7348699001177399 0.3520709125823999 0.0
8466-3702 0.29002203615987815 -0.5531092861091295 1.2177797901772045 0.41086444093614444 0.19376859118635234 0.0
8481-12704 0.37085845848086263 -0.72093025119082 1.2900297252645005 0.5252579271645975 0.22057623710806679 0.0
8481-6102 0.611569713938141 -0.565100793151561 1.2141166255384415 0.9390554747591406 0.5612824854688352 1.0
8481-9101 0.8473320311144062 -0.9116296029682556 1.8229989680941083 1.1182600336314772 0.8830118168186231 1.0
8481-9102 0.41218941948228704 -0.7329003098476701 1.5907895007045383 0.7415211665691173 0.2586312688674433 0.0
8482-12705 0.47689344115411686 -0.522181321758447 1.411429682501553 0.584974218581171 0.3299148083959435 0.0
8483-12702 0.7593861581340887 -0.5649824067172634 2.1752003819291494 1.2438101718627923 0.9251345120001094 1.0
8483-12705 0.4185429301428816 -0.7197963234153684 1.2467353057451445 0.7522299480098017 0.33670988226590737 0.0
8483-6103 0.3679585991627462 -0.8105645092751174 1.4706665993827082 0.5817014380825977 0.1909517839154301 0.0
8484-6104 0.5681629327209341 -0.7698519881867998 1.6980868890340861 0.5794958475513452 0.1988750847448072 0.0
8485-12701 0.6011484873967715 -0.5690921946961252 1.2784120377092791 1.0861617335023155 0.4073744764024238 0.0
8485-12702 0.49660386090068165 -0.8174575258110386 1.5181121864245046 0.8733550527845642 0.3595166866166075 0.0
8485-1901 0.3843387028225447 -0.8837521064026915 1.9631832077287734 0.33972084483235493 0.12848617335079188 0.0
8485-3701 0.6108446638504418 -1.857396818175048 3.1378180987902518 0.33216931529804145 0.16719145258469512 0.0
8485-3702 0.5760920569476815 -0.81390708060666 1.6487942712286068 0.8106149576625248 0.18007354144601778 0.0
8485-6101 0.3750347932551937 -0.6840809379171335 1.3651120712958202 0.5506728619096641 0.22414324831939675 0.0
8485-9102 0.42999895338263044 -0.6419208648038569 1.1259556936723278 0.6089659130203792 0.23703454870705606 0.0
8486-12702 0.41517424843339257 -0.6606107874849427 1.6740302350146155 0.7634996951519515 0.2880375389186071 0.0
8486-1901 0.5294613835880969 -1.8051371484382 2.860974705237388 0.28729714856084304 0.13760505900534006 0.0
8486-6101 0.4751629163094045 -1.237942643877124 2.230608040004803 0.4216431055102389 0.17498381188719683 0.0
8486-9101 0.6463896447583122 -1.7834277748701166 3.1230062329394093 0.6782401227507892 0.3419451682999514 0.0
8486-9102 0.46346562825373155 -1.3730422587958446 2.3478457164197564 0.5273195266587188 0.18789484984665017 0.0
8547-3702 0.631313809564982 -0.49634758296410164 2.229284091154139 0.7916479021800504 0.4005739879253983 1.0
8547-3703 0.40394038444304997 -0.8705764197047026 1.6955948982373326 0.44708625118128953 0.197343886908484 0.0
8547-3704 0.5062795312270612 -1.6651203585988386 2.7572170712118864 0.4123638453951457 0.17872945540112567 0.0
8547-6103 0.32575411516586783 -0.5396177961263247 1.5999411717156002 0.4466298681703579 0.20949362736648994 0.0
8548-12702 0.4877545228131692 -0.5908812448501992 1.5367894189936369 0.7327753758008695 0.3479935060059687 0.0
8548-1902 0.4454210363649319 -0.8734798119173335 1.9737104407291273 0.6135533418716392 0.118554120751853 0.0
8548-3702 0.4540135232480293 -0.8172787603585903 1.6042902327854691 0.5249028593449067 0.16737693780989676 0.0
8548-3704 0.38332633499911983 -0.7128989045838611 1.4694187726072854 0.6336136005695066 0.1985822638820504 0.0
8548-6102 0.4055489214836016 -0.8627045804439659 1.4563440161415417 0.45547992725139974 0.14994493554946273 0.0
8548-6103 0.4401567555503011 -0.6843824949851194 1.0043468177665642 0.7556168668803668 0.2408332116585566 0.0
8548-9102 0.7029322276092221 -0.9283465366951499 3.344053181536209 0.7916965800018024 0.3102770512655549 1.0
8549-1901 0.39331042951964224 -1.3989123949779017 2.091684861693203 0.33295728172348565 0.10414662923161884 0.0
8549-6103 0.38626996400295943 -0.8965177962463733 1.7338458256881963 0.5218060992554238 0.16839584259161886 0.0
8549-6104 0.4726105624411136 -1.7377909536696245 3.086608471194948 0.5002586446022178 0.221797546338782 0.0
8549-9102 0.4075455742086815 -0.5909670644758522 1.6721035512772175 0.692777934618372 0.2676225943233987 0.0
8550-12703 0.3753336870034855 -0.8505706847499761 1.5356384786969268 0.518669294961472 0.19349331140057102 0.0
8551-12702 0.7722735770491 -0.6694616208730232 1.3208638089243017 1.229811809461319 0.8937473809235055 1.0
8551-12703 0.49386772148894154 -0.6505360796069706 1.4911264711151884 0.7872169897517733 0.49749815963842403 0.0
8551-12705 0.46416062029324706 -0.5334813543524735 1.6811414794724562 0.6810619596055316 0.28677737772108963 0.0
8552-3701 0.5542416015896549 -1.8118547802781582 3.098152124655338 0.32962953690089325 0.19950292185392643 0.0
8552-6101 0.46857520762398164 -0.9512612555824551 1.0117857411243814 0.7879031729884938 0.1602672053839396 0.0
8553-1901 0.255510006472741 -0.8083785527397077 1.565860680211035 0.40256669422612423 0.20183477234573058 0.0
8553-3704 0.4095624098038956 -1.2272332094194192 2.180460973715763 0.5183486120736163 0.1916560064786165 0.0
8554-12702 0.4320623828994455 -0.7491673854838016 1.4300291101628282 0.7069370478274903 0.27979605209601216 0.0
8554-3701 0.5960727173135979 -1.8355336781833076 3.111324326967948 0.21872475006184353 0.1863262939670609 0.0
8554-3704 0.45548793764038437 -0.7793612622014027 1.6124790175793167 0.4222502736642034 0.10138161098801139 0.0
8554-6101 0.4418131285903028 -0.9818289345948613 1.2938650114134844 0.6238750790900951 0.12065957017097897 0.0
8554-9101 0.38425629530705185 -0.6735072512602548 1.3008169918939427 0.6352899133341456 0.1802458071421023 0.0
8555-1902 0.302180266869437 -0.8346193999266518 1.5634854023186335 0.39692203232323436 0.13774257637930226 0.0
8555-9102 0.3895435426873396 -1.0902074750751076 1.806509426524758 0.6307230552759013 0.29443839152998724 0.0
8566-12702 0.4924983974466236 -0.8517073113416587 1.403628391060536 0.9038681043114422 0.27657654638523654 0.0
8566-12704 0.4427888384646055 -0.6187931283956641 1.45557721363869 0.6111625292242395 0.2605551115257799 0.0
8566-3703 0.45822134908220824 -0.9135701970166954 1.9757730857241125 0.7215505618434144 0.19030585741964998 0.0
8566-6103 0.41643501498066676 -1.0728446000555631 2.072773579633575 0.7978810914517389 0.1686314697998347 0.0
8567-3701 0.3402492616351781 -0.580571286031162 1.4879272934415402 0.22909146282513376 0.14008761977754153 0.0
8567-6101 0.5436436342041091 -0.6692248902226121 1.546558545069015 0.579017083859313 0.2945938377368546 0.0
8567-9101 0.6215151790389947 -0.9838795926087535 2.2644470751861805 0.6985011654951816 0.23085109921646202 0.0
8567-9102 0.365783712191633 -0.7399319605391438 1.8669154088166606 0.5217303484718706 0.2732504171201033 0.0
8568-12703 0.4025584421035443 -0.7253060124984173 1.4100520447798426 0.6822640573698225 0.25411935624837 0.0
8568-3703 0.5418783850184171 -1.442954242814414 2.371333898251279 0.27868027317092964 0.14230558560150763 0.0
8568-3704 0.308696086688327 -0.66179382146415 1.6538227277415802 0.38922128329042577 0.18876171723180113 0.0
8588-1901 0.38575646698860894 -1.431590512741007 2.2568947793646617 0.4193030586144672 0.15485144669795994 0.0
8588-9102 0.3701418674989421 -0.721044178794329 1.1326262033786618 0.5535679950002971 0.2112431557146021 0.0
8591-3703 0.3239869420348113 -0.8682024949426739 1.663660447244858 0.4004792971892236 0.16663722020243799 0.0
8591-9102 0.3988668130016558 -0.7326575682104348 1.220441565036082 0.6185764991621626 0.24208134775944 0.0
8592-12701 0.47193582671896217 -0.9019406145109294 1.5337456518880126 0.8967592918121918 0.3106317817044058 0.0
8592-12702 0.46512231463658704 -0.650474858415714 1.9271923856241966 0.7197373437701731 0.360243673544032 0.0
8592-3702 0.43733155436433313 -1.0998468127598635 2.2866522268899785 0.32668666209225683 0.18982510894663487 0.0
8592-3703 0.3730383656267617 -0.6741405978656666 1.613767460614777 0.5140736983582753 0.15796385143079972 0.0
8592-3704 0.3830458837506049 -0.8117557617746559 1.7903570749300295 0.3553957948104794 0.2026164565012969 0.0
8592-9101 0.388897440440659 -0.5958063039622593 1.3532234949859 0.4686688315699001 0.2425777182507462 0.0
8595-12703 0.48084160107264023 -0.6810075246902408 1.1252062140207406 0.8273571910156775 0.30534881341319886 0.0
8595-6102 0.39636910690799815 -0.8354904147244445 1.4413230680545843 0.6727770682933234 0.21574034226338007 0.0
8595-6103 0.6475032870454424 -0.7148632585059276 2.3969705022880166 0.8698516149025317 0.3124165600795464 1.0
8595-6104 0.6597478918947783 -2.0301098642724305 3.664850151984717 0.47630237094726224 0.28752337534539396 0.0
8597-12701 0.3728390984838244 -0.6701686212789744 1.2927843474396097 0.563266765596681 0.2932489671912175 0.0
8600-12705 0.6354708082260948 -0.6012979971875163 1.4402715512441233 0.8580089454458012 0.49840794738694766 0.0
8600-1901 0.4749963638452598 -1.1701980763127589 2.1396601082634574 0.5532006908506438 0.10613223143637093 0.0
8601-3704 0.7955703300330386 -0.47063655259126436 2.240297004949245 0.9568535460006836 0.0 1.0
8601-6102 0.7453355968897163 -0.5377618006982287 1.288502103713999 1.0523790438881784 0.8100519262787681 1.0
8602-3701 0.2942804188275602 -0.6031389096171711 1.1325708044502718 0.36892415446319354 0.1806103416567728 0.0
8602-6103 0.5044977171164696 -1.1455132387049274 2.089085585556616 0.39734229759930473 0.16883458225130388 0.0
8602-6104 0.31259596891382396 -1.3755413361340079 2.1079895919817315 0.38898315847406606 0.0 1.0
8602-9101 0.3727300785054067 -0.7066984946453703 1.562108173031341 0.589193699305867 0.21191363321194603 0.0
8603-12704 0.39683551739164047 -0.6095779785015429 1.4189114880614713 0.4120391694528327 0.20160152884346316 0.0
8604-3702 0.6650664937485105 -0.5465090768090972 1.910546455804547 1.1683650992045387 0.6353867480065744 1.0
8604-6101 0.6141513397054249 -1.5386390472001081 3.0528464490138125 0.6099821783065336 0.3643913820414315 0.0
8604-9102 0.3982696286587327 -0.8954086959003001 1.4633325412993117 0.6819870650399211 0.14616655661340583 0.0
8606-12705 0.6125331492299811 -0.6909545119302459 2.15081956201678 0.7612960804381425 0.4834597714825971 1.0
8606-3703 0.620042668925064 -1.813528635768743 3.216924663684144 0.5057806529625057 0.28579022552656763 0.0
8611-12701 0.4954162904064788 -0.7654759140411816 1.2502358401365536 0.7021592162278234 0.3166247259802879 0.0
8611-1902 0.5033028416079882 -0.631791111689212 0.8366710180309118 0.5483521670242585 0.20795337530881627 0.0
8611-3702 0.5263125757010501 -1.6459667408873029 2.7748401407412873 0.29968565383392853 0.18986192124248594 0.0
8611-6102 0.4272696105398334 -0.8601744406842092 1.7191988248061094 0.4374910892018304 0.13619603264279037 0.0
8612-9101 0.5060116224870324 -1.2688287716729674 2.5762233985503165 0.5622647874662887 0.22345036267014456 0.0
8612-9102 0.6823835100913419 -0.658516214068076 2.2546635407965 0.9216088924033924 0.5720292779005296 1.0
8613-12703 0.5884239334409991 -1.2472825526868887 2.677331841864831 0.4724183582210123 0.22208568892583216 0.0
8613-6101 0.37359264812798987 -0.6181624019984233 1.4528028864721863 0.4531928109605107 0.144514431304518 0.0
8615-12705 0.7028538339602816 -0.6336010514261411 1.0247119326134981 1.0784309770023932 0.8145246808962094 1.0
8615-1901 0.6829434396080022 -0.9406165412345403 2.4074003602857323 0.7142709299883137 0.13359474998471707 0.0
8615-1902 0.3907897768580716 -1.2513736701591092 2.069900985692814 0.24652669296417845 0.08963811341384438 0.0
8615-6103 0.8612811069807121 -0.4601429251000383 2.614485874496542 1.431180977587562 0.3363368391395009 1.0
8616-1901 0.2733364301494775 -0.685025718493536 1.2737095877348603 0.29420841907610507 0.136681208498198 0.0
8616-3703 0.35630835112731357 -0.9594414404374806 1.6513829049995357 0.37163295814336444 0.16214937221626022 0.0
8616-9102 0.43777433609466776 -0.6412150117157641 1.3095766827431277 0.6911740454578617 0.2566392543243352 0.0
8618-12703 0.4015757680504846 -0.6495807729337661 1.075303849673702 0.5886708229090473 0.35775041834680726 0.0
8618-3704 0.4715503095978354 -1.6702615553693212 2.396668930990346 0.25435329195623013 0.09808832475686997 0.0
8623-12701 0.5830404752278062 -1.3002756279475667 1.936237746643411 0.9577499401111377 0.325135625320573 0.0
8623-9101 0.4048843016060483 -1.014813467513837 1.7850641461360164 0.7224594658792916 0.2576183386601663 0.0
8626-12703 0.4457068543469093 -0.6368419067882917 1.391836618487864 0.5579386941733921 0.3129320235653783 0.0
8626-12704 0.5854487078286359 -0.8887158324381537 1.9387839952753914 0.5084218219546021 0.2685685205992074 1.0
8626-9101 0.4264399546567764 -0.6340411466698292 1.3244240488353185 0.6711611935679271 0.2045133452262128 0.0
8655-6101 0.6554958442943494 -1.154463577256458 3.1677700743802606 0.7816077000127098 0.4161420463321414 0.0
8655-6102 0.42244084524709347 -0.6573233054142366 1.284101642125632 0.6863170719907059 0.26298484092064434 0.0
8655-9102 0.49919986986137205 -0.9665619948466777 2.4659010651905193 0.6354803539283952 0.3093695723333054 1.0
8711-12703 0.852274449625015 -1.7602586352227831 0.9802346994146026 0.5994199332053923 0.9467936864995226 1.0
8711-3701 0.4742131822901446 -1.4685783966435593 2.6134302179963536 0.6573221450309802 0.09811988980535642 0.0
8711-3703 0.8638449306921231 -0.8392661830310298 1.3579983624139498 1.5418677870573434 0.6458798285817644 1.0
8711-6103 0.35959120273414386 -0.7997083029131257 1.6727265054656595 0.5369355844304915 0.19113433554481646 0.0
8711-9102 0.7357713233536894 -0.49789066334724946 2.5558090331008736 1.1120324754422197 0.8184608074354193 1.0
8712-12702 0.3551166022352484 -0.7376506791002891 1.7710370788718008 0.5727194705513224 0.24503986303409553 0.0
8712-3703 0.4494672252096573 -1.138055429670295 1.9743707112054545 0.522306175115646 0.15663149549913624 0.0
8712-6101 0.2911965566728384 -0.8049319818651772 1.3923805473928605 0.360164165538104 0.11723559848953778 0.0
8713-12701 0.3908003015909677 -0.657348194379763 1.5893238451893141 0.6100808397461824 0.30489845028838497 0.0
8713-12702 0.7257585972234125 -0.6327805721217654 1.8373510947790157 1.1698340353657355 0.4868782226003257 1.0
8713-1902 0.39300601094980847 -1.296805011494614 2.1664006765237103 0.5567396749127245 0.09849597264375881 0.0
8713-3703 0.7828940773187832 -0.5491068284402798 1.6834643751077125 1.1097211453007425 0.6824642055917179 1.0
8713-9102 0.46159879132609377 -0.6602553900697892 1.1657021321459378 0.5885904537284979 0.27230005062151696 0.0
8714-12702 0.3858575545824876 -0.7829869560438979 1.310920310538377 0.5223202448049312 0.24963330288163887 0.0
8714-12703 0.38200750916547643 -0.7540998271261616 1.2782271699455174 0.6890133462075647 0.26521471562747445 0.0
8714-6104 0.5481023075284038 -0.6912984916375575 1.2689398062275994 0.6984143842304684 0.13773009592234445 0.0
8715-12704 0.6630888877664354 -1.0175542384017142 0.8275116963945717 1.1577175040851777 0.3046074271114094 0.0
8715-1902 0.26245862993197594 -0.7472395666477976 1.4860859902253212 0.32132678317552243 0.123589898173614 0.0
8715-6101 0.6296945255078511 -0.8373426678729612 2.6838913173605405 0.7434499724384025 0.40468692009286805 1.0
8715-9101 0.4693866374176256 -0.7400083317395436 1.2247223558393137 0.6824876669929634 0.22964804188666582 0.0
8715-9102 0.40125821825196634 -0.7375074091218045 1.5900800344701602 0.6525200108297128 0.22190859945050104 0.0
8716-12701 0.6208005806553213 -0.5802721218857377 1.2671254386778277 1.1034770855517224 0.6431043455977031 0.0
8716-12702 0.766950825930362 -0.9243864465220355 4.0656207943497 1.0544846218027577 0.5686223126940341 1.0
8716-12703 0.41156527032685936 -0.6804975000299432 1.4551102728681213 0.6283521385764494 0.32995485773608585 0.0
8716-12705 0.6401376896741178 -0.9066474355571817 1.1423611481564184 1.1245661802034994 0.41398657290470114 0.0
8716-1901 0.61947908926416 -0.6454425344561051 2.3286355945905526 0.656931429801296 0.30908088859583865 1.0
8716-6101 0.6906473098155305 -1.6849679520082401 2.3791973015812466 0.3263229551832079 0.16578513843602855 1.0
8716-9102 0.40147502276385066 -0.8544351278491713 1.3518959727366235 0.7308365435465998 0.2344643508385967 0.0
8717-3703 0.49111999102003656 -1.452945236341201 2.418785286612593 0.30970559306964596 0.0924718173319015 0.0
8717-3704 0.3324351035804696 -0.6094074885648814 1.730648913175313 0.5410576466537583 0.20931265607343938 0.0
8718-12703 0.5028616069913752 -0.9685879719714772 1.8550385918108883 0.7292771640682278 0.2503570281914645 0.0
8718-12704 0.5994395373578717 -0.7059090916173977 1.5815555322608028 0.9458219886645658 0.35317582182202134 0.0
8718-3703 0.53668115043074 -1.8310779513759141 2.942492113373473 0.34845320651056244 0.2241817412434472 0.0
8718-6104 0.6676072393357596 -1.4250234304137046 3.0602896232916965 0.668208556821759 0.39612682473300437 1.0
8718-9101 0.40551157235620083 -0.7656926650969882 1.681319264212726 0.5405353732357181 0.21045165678317354 1.0
8719-3703 0.49210045933681107 -0.9288800455806056 1.5002532126619776 0.9286188810521003 0.23813317472954496 0.0
8719-6104 0.4179733513681332 -1.0047568393513553 1.9005911942735378 0.7151492593260961 0.17868622541642848 0.0
8720-1902 0.4873547465746161 -0.5494159921786556 1.9672354028135721 0.4957573718759083 0.14618334202008393 0.0
8720-6102 0.3754942076375757 -0.7682805791492432 1.7352964741260724 0.6061317993000956 0.20255664843221197 0.0
8721-12705 0.4706233300699487 -0.5823433376754246 1.234976164931104 0.7439562318127898 0.33062495704051714 0.0
8721-3701 0.3616316892766975 -0.7465479820735426 1.9353339041655557 0.44385094309652956 0.2071774247827324 0.0
8721-9101 0.5182451562895832 -0.9211353557825305 1.355417266322063 0.9635308524882776 0.399202145730557 0.0
8724-1902 0.30042013345425944 -0.7948175727279854 1.4537336653905726 0.4426824549589031 0.11934722381710507 0.0
8724-6103 0.41265687219466013 -0.6400901343824446 1.482996784858367 0.6265566997225176 0.1837245057029268 0.0
8724-9101 0.39302770112379515 -0.8694861539327186 1.7477248135529901 0.5744187039217215 0.266229456818731 0.0
8724-9102 0.6137744028217406 -1.2111893321100666 2.1597912469639677 0.6528024786889354 0.4144941872698246 0.0
8725-3701 0.544792944098324 -1.278354197176965 2.296896417425 0.6532540755209604 0.16106073506377455 0.0
8725-3703 0.40774148974577845 -0.8218335894160267 1.6432878036826295 0.5526454077899137 0.2354074999490667 0.0
8725-6102 0.47072779762253625 -1.0558603869621699 2.05542839635506 0.539459289230821 0.18272878285252278 0.0
8726-3703 0.34354886239462085 -1.3914191592562952 2.178625071594571 0.3504584371821351 0.1410321229472979 0.0
8728-12704 0.5313581753719729 -0.6346161826278237 1.013457657558142 0.8442850987729661 0.4228255160761157 0.0
8728-12705 0.4202682288787196 -0.7689577665599121 1.3872735533426535 0.6459957531636972 0.2928115752027619 0.0
8728-6104 0.4373982224862641 -0.7346406844007827 1.531773543103569 0.8477374342774814 0.18640327090166756 1.0
8931-12701 0.4781107116904667 -0.7257989080306102 1.59680495472865 0.7312140824914756 0.3298868016813207 0.0
8931-3703 0.48163668397852494 -1.273822339847784 2.201199120226228 0.47708847206550675 0.10454191957504476 0.0
8931-6102 0.7412264442671581 -0.5774375168916217 0.8534469395574352 1.1691944634114528 0.8226581070753008 1.0
8934-3701 0.5458552375651093 -1.5536110712084015 2.5839995231074466 0.34244527227383115 0.1458448384951334 0.0
8934-6102 0.5083844712252366 -1.7347335714666656 2.9779081613561873 0.46696712518843986 0.10919164473180253 1.0
8939-1902 0.3178367959216824 -0.7315455421633945 1.7844940721389138 0.5336784341068385 0.1531926357197776 0.0
8939-3701 0.5655844753873992 -1.811845316611105 2.9664902939705993 0.26785383720670114 0.1786925067139878 0.0
8939-3704 0.5324716575170084 -0.7848557469429568 1.5635477097855817 0.652315711814732 0.2750530525039199 0.0
8942-12704 0.49189239250385713 -0.8101897272195695 1.0928681810703142 0.8501441025521754 0.29971920829877136 0.0
8942-12705 0.607020587300949 -1.0680215570119016 1.3108399524768832 1.0722983991533772 0.3720259159812847 0.0
8942-1902 0.34000195504921654 -1.065933230267502 1.7709123465410466 0.5651518534800908 0.13166274455048507 0.0
8942-3703 0.4873875016621453 -1.6495465602552486 2.852582061238478 0.5161497633000935 0.1733711842850014 0.0
8942-6102 0.386560494950268 -0.9408348344078994 1.6476155480748422 0.6792642797111168 0.15831555929446578 0.0
8942-9102 0.6281162036302367 -1.1273030834925988 2.6487090724572004 0.6603307114959791 0.2056439788629198 0.0
8943-12702 0.46229829989767685 -0.6749637810629298 1.5424471455801676 0.7226591639840666 0.3244635046844797 0.0
8943-12703 0.4634771783931823 -0.9181405666270176 1.0270915491721635 0.8275277151856754 0.22058250283820216 0.0
8945-12701 0.44281088407863206 -0.6146695040238894 1.144850217929659 0.6846352820737986 0.2694261998231648 0.0
8945-3702 0.3962747535756645 -1.6451546026226918 2.430419352454682 0.3471483828063674 0.14234115003093048 0.0
8946-6101 0.4759509800002682 -1.1942699321274504 2.1191937218414285 0.5598536377461589 0.19397029765085322 0.0
8946-9101 0.3999519240060159 -1.002158565228362 1.5479493358312866 0.6125950751693718 0.19362889533358302 0.0
8947-12702 0.6152027139916086 -1.1848011051047707 3.0624154915713286 0.6339475973633777 0.2965697628162112 0.0
8947-6103 0.4537819928625366 -0.8321373261057389 1.859714631972432 0.6745572844643778 0.18774143916183503 0.0
8947-9101 0.40002825501476647 -0.6459341711186907 1.6201195700775741 0.5056004207533155 0.25229742023229873 0.0
8948-6101 0.3748281135578582 -0.8044406322410413 1.6055063290717484 0.38962420623283217 0.12161758866343174 0.0
8948-6103 0.5597277677144169 -0.5979840658079418 1.0195802442563269 0.6229429165940609 0.2647974101561147 0.0
8948-9101 0.2897559002514723 -1.1888691756827312 2.0747992072973296 0.8179133518239646 0.1462588690421701 1.0
8949-12701 0.8201184461700713 -0.709575896005336 2.741744708921157 1.0868480767704793 0.9701492621568117 1.0
8949-12703 0.5351238648456852 -0.8553766191620925 1.4737265105300716 0.8831978790419648 0.3344234443489262 0.0
8952-12705 0.4904951492912292 -0.7914203252900964 1.6493495230005106 0.5616285398677546 0.2898844356182817 0.0
8978-3701 0.4602921252910704 -0.711157688316985 1.9404725459774546 0.4620330645373131 0.16479751369651127 0.0
8979-12703 0.4666154580188627 -0.6321888067492893 1.5115061872792563 0.7588791968793848 0.42087375684928463 0.0
8979-3704 0.49732501326992423 -0.5491824386699682 1.232846919981882 0.5998227152862642 0.29436997642447815 0.0
8980-12701 0.5629126439739083 -1.0721839420210169 1.2783932145335508 0.9238193215255102 0.31529008244559514 0.0
8987-3701 0.37567505133188933 -1.0790027795012929 2.018403334749189 0.3289226376288369 0.15377737381523274 0.0
9002-12705 0.4339238412073104 -0.6010068097191983 1.3606063314295351 0.5685669956516316 0.29898616120251004 0.0
9026-3701 0.41464321609206073 -1.794261765462666 2.7056203267680576 0.2899977513717416 0.17002579064920512 0.0
9026-3703 0.29325267791569115 -0.812456349515399 1.5061613010010408 0.49460081238536985 0.1620176818957645 0.0
9026-6102 0.3834584781401107 -0.6920311388995369 1.290820908131403 0.5755235413910028 0.15496139981643928 0.0
9029-1902 0.5526410972232918 -1.645180263221817 2.7847889179354803 0.245056395405184 0.12668625820030746 0.0
9029-6102 0.4555160100661737 -0.6813111691162871 1.4763735547131418 0.7010080700082251 0.17432689109892993 0.0
9029-6103 0.6875420013579419 -0.8206332380778206 2.933079456687175 0.6327910932915276 0.5081900042318592 1.0
9041-6102 0.3824917218196158 -1.0598691789572288 1.746126753829127 0.4272152281141646 0.15336510559439032 0.0
9041-6104 0.41426911992514914 -0.8038432746936016 1.6255553044262718 0.5131271327316629 0.12598205902533044 0.0
9041-9102 0.38435768919841334 -0.5381753374706656 1.3917416251858192 0.656925036509394 0.2627204507900353 0.0
9042-12703 0.4702600753648421 -0.7791167289309539 1.2206570663065588 0.5458303997154329 0.23536094781773312 0.0
9049-3702 0.564473182286604 -1.5931243543345592 2.743055845218303 0.4912623005291908 0.2750327066721131 0.0
9049-3704 0.487770333277927 -0.8765333160204216 2.382004147911935 0.3161354310811614 0.1896266503506572 0.0
9049-9102 0.3573574548025183 -0.5906904248523033 1.6536057571208498 0.5980088795279446 0.2500415986027613 0.0
