plateifu weight_difference weight_ratio mode_flag bptclass
10001-12702 352.0 2.086084541808084 0.0 2.0
10001-3702 -814.0 0.10263477014662109 -1.0 1.0
10001-9101 -676.0 0.19341367378594437 -1.0 1.0
7443-12702 -370.0 0.45993285651729676 0.0 2.0
7443-12703 -240.0 0.6129656507014998 0.0 3.0
7443-1901 -360.0 0.470666078517865 0.0 1.0
7443-3701 -322.0 0.5129329904704281 0.0 1.0
7443-6101 204.0 1.5124340617935192 0.0 1.0
7443-9101 252.0 1.6736166800320769 0.0 3.0
7495-3701 896.0 18.197696737044147 1.0 2.0
7495-6101 -366.0 0.46420729029424684 0.0 1.0
7495-6102 162.0 1.3865425912670006 0.0 1.0
7815-12703 850.0 12.318242343541945 1.0 1.0
7815-3702 22.0 1.0449805765692088 0.0 1.0
7815-6103 762.0 7.3979848866498745 1.0 1.0
7957-12705 982.0 108.91208791208791 1.0 2.0
7957-3703 -586.0 0.2611272222922708 -1.0 1.0
7957-3704 -556.0 0.2854388896028788 -1.0 1.0
7957-9101 122.0 1.277841038487816 0.0 1.0
7957-9102 698.0 5.6194573130377234 1.0 1.0
7960-12705 530.0 3.2543598468736707 1.0 1.0
7960-3704 674.0 5.132434089515635 1.0 1.0
7960-6101 -390.0 0.438929650410013 0.0 1.0
7960-6102 -208.0 0.6556861446780334 0.0 1.0
7960-9101 578.0 3.7380388441496923 1.0 1.0
7962-12704 124.0 1.2830404017347636 0.0 1.0
7962-9101 194.0 1.481270156288762 0.0 3.0
7975-12702 950.0 38.84860557768924 1.0 1.0
7975-12705 744.0 6.807962529274005 1.0 1.0
7975-6104 -98.0 0.8215261336732835 0.0 2.0
7975-9101 664.0 4.950029744199881 1.0 2.0
7977-12701 -184.0 0.6892416821482857 0.0 1.0
7977-3703 140.0 1.325505696349686 0.0 1.0
7990-3703 -106.0 0.8083529199059845 0.0 1.0
7990-6101 48.0 1.1008191556395714 0.0 2.0
7990-6104 128.0 1.2935106626920432 0.0 1.0
7991-12704 706.0 5.799456152277362 1.0 2.0
7992-1901 -462.0 0.3680755026672138 0.0 1.0
7992-3702 198.0 1.493642483171279 0.0 1.0
8077-12701 894.0 17.836158192090394 1.0 2.0
8077-3702 -1000.0 9.999000099990002e-05 -1.0 1.0
8077-3704 -498.0 0.33520224269122945 0.0 1.0
8077-6104 662.0 4.91484328799527 1.0 1.0
8078-3702 -358.0 0.47283168900014727 0.0 2.0
8078-3703 -368.0 0.4620669492764216 0.0 1.0
8078-3704 778.0 8.002700270027002 1.0 1.0
8081-12702 254.0 1.6807826320021442 0.0 2.0
8081-1902 -204.0 0.6611858495266567 0.0 1.0
8081-3702 -518.0 0.31761296271900935 -1.0 2.0
8081-3704 -290.0 0.5504572934428771 0.0 1.0
8081-6103 822.0 10.225589225589227 1.0 1.0
8081-9101 -916.0 0.0439411334933723 -1.0 3.0
8082-6101 -724.0 0.16019023315160652 -1.0 1.0
8082-6103 -90.0 0.8348926802421575 0.0 1.0
8083-3702 -1000.0 9.999000099990002e-05 -1.0 1.0
8084-12701 -334.0 0.4993254384649978 0.0 1.0
8084-12703 240.0 1.6314127861089187 0.0 3.0
8084-3702 180.0 1.4389173372348207 0.0 1.0
8084-3704 820.0 10.100998890122087 1.0 1.0
8084-6101 396.0 2.310824230387289 0.0 1.0
8084-6102 712.0 5.941013185287995 1.0 1.0
8084-9102 70.0 1.150505267684369 0.0 1.0
8086-12701 176.0 1.4270808056297015 0.0 2.0
8086-1902 642.0 4.584589614740369 1.0 1.0
8086-3702 400.0 2.3328890369876705 0.0 1.0
8086-6102 376.0 2.204742069849407 0.0 2.0
8131-6101 424.0 2.4717112113849358 0.0 1.0
8131-9101 -290.0 0.5504572934428771 0.0 1.0
8132-12703 990.0 195.11764705882354 1.0 2.0
8133-3701 568.0 3.6284127718648778 1.0 3.0
8134-12703 542.0 3.3657791357485816 1.0 1.0
8134-1901 48.0 1.1008191556395714 0.0 1.0
8135-12702 350.0 2.076591817902184 0.0 2.0
8135-12703 726.0 6.295404814004377 1.0 2.0
8135-1901 -844.0 0.08469797202038823 -1.0 1.0
8135-3702 -12.0 0.97628927089508 0.0 1.0
8135-3704 632.0 4.432916892992939 1.0 1.0
8135-9102 760.0 7.328059950041633 1.0 1.0
8137-12702 596.0 3.9490351311232064 1.0 2.0
8137-12703 962.0 51.366492146596855 1.0 3.0
8137-12704 946.0 35.90774907749078 1.0 2.0
8138-12701 786.0 8.338935574229692 1.0 1.0
8138-3704 -250.0 0.6000639897616381 0.0 1.0
8138-6104 628.0 4.374529822675981 1.0 1.0
8138-9102 992.0 242.95121951219514 1.0 3.0
8140-12705 712.0 5.941013185287995 1.0 1.0
8140-1902 596.0 3.9490351311232064 1.0 1.0
8140-6102 758.0 7.259289843104873 1.0 1.0
8140-9101 -30.0 0.94175888177053 0.0 1.0
8141-12704 862.0 13.47467438494935 1.0 2.0
8141-9102 128.0 1.2935106626920432 0.0 1.0
8143-6102 792.0 8.60806916426513 1.0 1.0
8143-9102 206.0 1.5187610173759758 0.0 1.0
8145-12704 930.0 27.495726495726494 1.0 1.0
8145-3701 -314.0 0.5221427484401157 0.0 1.0
8145-6103 498.0 2.983273596176822 0.0 2.0
8145-6104 166.0 1.3979860944617597 0.0 1.0
8145-9102 588.0 3.8529839883551675 1.0 1.0
8146-12702 874.0 14.851030110935024 1.0 3.0
8146-1901 -470.0 0.3606312066385526 0.0 1.0
8146-6103 408.0 2.3779128672745693 0.0 1.0
8146-9102 674.0 5.132434089515635 1.0 1.0
8147-12701 834.0 11.036101083032491 1.0 2.0
8147-12703 744.0 6.807962529274005 1.0 1.0
8147-1901 -518.0 0.31761296271900935 -1.0 1.0
8147-1902 -454.0 0.37560170540503374 0.0 1.0
8147-3702 664.0 4.950029744199881 1.0 1.0
8147-6101 720.0 6.139186295503213 1.0 1.0
8147-6103 480.0 2.845444059976932 0.0 1.0
8147-9101 238.0 1.6245080031487797 0.0 1.0
8147-9102 810.0 9.517350157728707 1.0 1.0
8149-12702 886.0 16.51663747810858 1.0 3.0
8149-3703 -1000.0 9.999000099990002e-05 -1.0 1.0
8149-6101 658.0 4.845704266510813 1.0 1.0
8149-6103 100.0 1.2221728504776717 0.0 1.0
8149-9101 62.0 1.1321679812406735 0.0 1.0
8155-12703 906.0 20.235668789808916 1.0 2.0
8155-1902 -486.0 0.3459830440048446 0.0 1.0
8155-3701 608.0 4.100458949515554 1.0 1.0
8155-3703 -972.0 0.014298752662001825 -1.0 1.0
8155-6102 914.0 22.20649651972158 1.0 1.0
8155-6104 -192.0 0.6779063915450428 0.0 1.0
8156-12703 534.0 3.290862290862291 1.0 1.0
8156-3701 630.0 4.40356564019449 1.0 1.0
8156-3703 -554.0 0.28709303821901944 -1.0 1.0
8239-3702 626.0 4.345804382683057 1.0 1.0
8239-3704 -96.0 0.8248494800218938 0.0 1.0
8239-9101 872.0 14.603744149765992 1.0 2.0
8239-9102 748.0 6.931800158604283 1.0 2.0
8241-3703 762.0 7.3979848866498745 1.0 1.0
8241-3704 996.0 475.2857142857143 1.0 1.0
8241-6101 282.0 1.785296574770259 0.0 1.0
8243-9101 538.0 3.3279965382951104 1.0 1.0
8244-12702 734.0 6.5146506386175815 1.0 1.0
8244-3702 -102.0 0.8149156232988568 0.0 3.0
8244-6101 622.0 4.289264939185617 1.0 3.0
8244-9101 908.0 20.69631236442516 1.0 3.0
8247-12702 756.0 7.191646191646192 1.0 1.0
8247-12703 568.0 3.6284127718648778 1.0 1.0
8247-12704 838.0 11.332922318125771 1.0 1.0
8247-9101 844.0 11.806658130601793 1.0 1.0
8249-3703 86.0 1.1881426383723475 0.0 1.0
8249-6102 676.0 5.1702652683528685 1.0 1.0
8250-3703 -694.0 0.1807342698618817 -1.0 1.0
8250-3704 -122.0 0.7825699518802353 0.0 1.0
8252-1902 -72.0 0.8656966983771684 0.0 3.0
8252-6101 -430.0 0.3986854985316739 0.0 2.0
8252-6102 988.0 162.96721311475412 1.0 1.0
8252-9102 506.0 3.047753945770943 1.0 1.0
8253-3703 -86.0 0.8416497882526238 0.0 1.0
8254-12701 582.0 3.7833572453371596 1.0 2.0
8254-12703 556.0 3.5033768572714994 1.0 1.0
8254-12704 186.0 1.4568901989683125 0.0 1.0
8254-1901 -544.0 0.2954280533609636 -1.0 1.0
8254-1902 -990.0 0.0051251130539644255 -1.0 1.0
8254-6102 644.0 4.615946097697923 1.0 1.0
8254-9102 34.0 1.0703788035603394 0.0 2.0
8255-12702 914.0 22.20649651972158 1.0 1.0
8255-3701 -218.0 0.6420948941060581 0.0 1.0
8255-3702 580.0 3.760590195145169 1.0 1.0
8255-3703 -780.0 0.12369396697000336 -1.0 2.0
8256-12703 712.0 5.941013185287995 1.0 2.0
8256-6102 300.0 1.856898029134533 0.0 1.0
8257-3704 202.0 1.5061388123277373 0.0 1.0
8257-6102 102.0 1.2271209084836339 0.0 1.0
8258-1901 -838.0 0.08823849417908823 -1.0 3.0
8258-1902 980.0 98.02970297029704 1.0 3.0
8258-3701 708.0 5.84599589322382 1.0 1.0
8258-3702 330.0 1.9847806624888091 0.0 1.0
8258-6101 708.0 5.84599589322382 1.0 1.0
8259-1902 -46.0 0.912062703116039 0.0 1.0
8259-3702 264.0 1.7171964140179299 0.0 3.0
8259-3704 70.0 1.150505267684369 0.0 1.0
8259-6104 692.0 5.490590525632706 1.0 1.0
8259-9101 -198.0 0.6695042563845769 0.0 1.0
8261-1901 -336.0 0.4970812752581949 0.0 1.0
8261-6102 848.0 12.143232588699082 1.0 3.0
8262-12703 998.0 908.2727272727273 1.0 2.0
8262-3702 104.0 1.232091051104664 0.0 1.0
8262-3703 934.0 29.21752265861027 1.0 3.0
8262-6101 -410.0 0.4185221954332719 0.0 1.0
8262-9102 32.0 1.0661020450320182 0.0 1.0
8263-12704 -274.0 0.5699262282216293 0.0 1.0
8263-1901 554.0 3.483191393993725 1.0 1.0
8263-3703 410.0 2.389359539139275 0.0 1.0
8263-6101 702.0 5.7082494969818915 1.0 1.0
8263-6102 -402.0 0.42661531878476683 0.0 1.0
8312-12702 626.0 4.345804382683057 1.0 3.0
8312-12703 -62.0 0.8832611560911316 0.0 1.0
8312-12704 504.0 3.0314389359129383 1.0 1.0
8312-6102 642.0 4.584589614740369 1.0 3.0
8312-6103 -168.0 0.7123780174627632 0.0 2.0
8313-12702 6.0 1.012070006035003 0.0 1.0
8313-1902 -544.0 0.2954280533609636 -1.0 1.0
8313-3703 -758.0 0.13775452166988966 -1.0 1.0
8313-6103 -108.0 0.8050893340552246 0.0 1.0
8315-12705 214.0 1.5443907402696515 0.0 1.0
8315-6101 752.0 7.059629331184529 1.0 1.0
8315-9102 472.0 2.7872018174933735 0.0 3.0
8317-9102 764.0 7.46909398814564 1.0 2.0
8318-12704 890.0 17.1524500907441 1.0 2.0
8318-12705 766.0 7.5414175918018795 1.0 2.0
8318-6101 558.0 3.5237449118046134 1.0 1.0
8318-6104 802.0 9.092835519677095 1.0 1.0
8318-9101 556.0 3.5033768572714994 1.0 1.0
8319-3703 744.0 6.807962529274005 1.0 2.0
8319-9101 724.0 6.242577842143374 1.0 1.0
8320-6101 690.0 5.448742746615087 1.0 3.0
8320-6104 508.0 3.0642015440877692 1.0 1.0
8325-12701 960.0 48.76119402985074 1.0 2.0
8325-12705 608.0 4.100458949515554 1.0 2.0
8325-3704 780.0 8.084468664850137 1.0 3.0
8325-9102 924.0 25.251968503937007 1.0 1.0
8326-12702 798.0 8.893175074183977 1.0 2.0
8326-12703 874.0 14.851030110935024 1.0 1.0
8326-12705 752.0 7.059629331184529 1.0 1.0
8326-6102 -352.0 0.4793669575506582 0.0 3.0
8329-3702 -258.0 0.5898903195040535 0.0 1.0
8329-6103 354.0 2.095636025998143 0.0 3.0
8330-12701 902.0 19.370672097759673 1.0 1.0
8330-12702 980.0 98.02970297029704 1.0 3.0
8330-12703 782.0 8.167736021998168 1.0 1.0
8330-1902 -306.0 0.5314653192466697 0.0 1.0
8330-6102 332.0 1.9937144567494762 0.0 1.0
8332-12701 636.0 4.492586490939045 1.0 1.0
8332-3702 -598.0 0.25165811537980226 -1.0 1.0
8332-6103 152.0 1.3584060363121906 0.0 2.0
8332-9101 52.0 1.1096815017928707 0.0 2.0
8333-1902 630.0 4.40356564019449 1.0 1.0
8333-3701 798.0 8.893175074183977 1.0 2.0
8335-6101 286.0 1.800896107532904 0.0 1.0
8335-6102 786.0 8.338935574229692 1.0 1.0
8335-9102 756.0 7.191646191646192 1.0 1.0
8338-1901 -748.0 0.14426267017503716 -1.0 1.0
8338-3702 700.0 5.663557628247835 1.0 1.0
8338-6102 -156.0 0.7301504929942917 0.0 1.0
8338-6104 464.0 2.7306975009324876 0.0 1.0
8341-12703 84.0 1.183366077275704 0.0 1.0
8341-12704 930.0 27.495726495726494 1.0 1.0
8341-9101 494.0 2.951797708415646 0.0 1.0
8439-1901 -1000.0 9.999000099990002e-05 -1.0 1.0
8439-3703 390.0 2.2782694198623403 0.0 2.0
8439-6102 356.0 2.1052468177584602 0.0 3.0
8439-9102 132.0 1.304077401520387 0.0 1.0
8440-1901 -358.0 0.47283168900014727 0.0 1.0
8440-1902 -734.0 0.15350017299042784 -1.0 1.0
8440-3703 -30.0 0.94175888177053 0.0 1.0
8440-6104 -542.0 0.29710802749319154 -1.0 3.0
8447-12702 560.0 3.544298046342572 1.0 1.0
8447-1901 -394.0 0.4348013197532635 0.0 1.0
8447-3701 974.0 75.35114503816794 1.0 2.0
8447-3703 880.0 15.642262895174708 1.0 3.0
8447-3704 596.0 3.9490351311232064 1.0 3.0
8448-3703 912.0 21.680272108843536 1.0 1.0
8448-6101 -312.0 0.5244627343392776 0.0 1.0
8448-9101 294.0 1.832625318606627 0.0 1.0
8449-12701 180.0 1.4389173372348207 0.0 1.0
8449-3703 90.0 1.1977587343441003 0.0 1.0
8449-9102 770.0 7.689834926151174 1.0 1.0
8450-12701 796.0 8.796278158667974 1.0 2.0
8450-12702 854.0 12.682626538987689 1.0 1.0
8450-1901 -1000.0 9.999000099990002e-05 -1.0 1.0
8450-6102 536.0 3.309349418354158 1.0 1.0
8450-9101 -186.0 0.6863935255437532 0.0 1.0
8450-9102 534.0 3.290862290862291 1.0 3.0
8451-12703 458.0 2.689413500553301 0.0 1.0
8451-3701 924.0 25.251968503937007 1.0 1.0
8452-12701 878.0 15.36988543371522 1.0 1.0
8452-1902 938.0 31.160771704180064 1.0 1.0
8452-6104 666.0 4.985637342908438 1.0 2.0
8453-12704 780.0 8.084468664850137 1.0 1.0
8453-6102 630.0 4.40356564019449 1.0 1.0
8454-12702 232.0 1.6040093725592293 0.0 1.0
8454-6101 928.0 26.706371191135734 1.0 2.0
8454-6104 518.0 3.1484861053504773 1.0 3.0
8455-12701 786.0 8.338935574229692 1.0 1.0
8455-3701 424.0 2.4717112113849358 0.0 1.0
8455-3704 136.0 1.3147419578801203 0.0 1.0
8455-6101 564.0 3.5859697386519946 1.0 1.0
8455-9102 722.0 6.190510424155284 1.0 1.0
8456-3703 112.0 1.252195451474893 0.0 1.0
8456-9101 902.0 19.370672097759673 1.0 2.0
8456-9102 654.0 4.778162911611785 1.0 2.0
8458-12704 -332.0 0.5015763398889056 0.0 2.0
8458-6102 -550.0 0.2904141401109534 -1.0 1.0
8459-12702 798.0 8.893175074183977 1.0 1.0
8459-1901 -196.0 0.6722956027420164 0.0 1.0
8459-1902 -436.0 0.39284222253168083 0.0 1.0
8459-6102 718.0 6.088589652728562 1.0 1.0
8461-12702 82.0 1.1786103245480288 0.0 1.0
8461-9102 -478.0 0.3532674874847788 0.0 2.0
8462-3703 -544.0 0.2954280533609636 -1.0 1.0
8462-3704 692.0 5.490590525632706 1.0 1.0
8462-6101 486.0 2.8903150525087513 0.0 1.0
8462-6104 -730.0 0.15616691711940814 -1.0 1.0
8464-12704 920.0 23.942643391521198 1.0 1.0
8464-3701 470.0 2.772915880799698 0.0 1.0
8464-3704 434.0 2.5330271988696573 0.0 3.0
8464-6102 894.0 17.836158192090394 1.0 2.0
8464-9102 774.0 7.843501326259948 1.0 1.0
8465-12701 618.0 4.233908948194663 1.0 1.0
8465-12705 862.0 13.47467438494935 1.0 1.0
8465-6102 14.0 1.0283918069357127 0.0 1.0
8465-9102 350.0 2.076591817902184 0.0 1.0
8466-12704 826.0 10.483352468427096 1.0 2.0
8466-3702 212.0 1.5379345343821365 0.0 2.0
8481-12704 656.0 4.811737361998838 1.0 2.0
8481-9102 -296.0 0.5432803579694492 0.0 1.0
8482-12705 962.0 51.366492146596855 1.0 1.0
8482-3702 940.0 32.22923588039867 1.0 3.0
8483-12702 -258.0 0.5898903195040535 0.0 1.0
8483-12705 724.0 6.242577842143374 1.0 1.0
8483-1901 420.0 2.447776628748707 0.0 3.0
8483-6103 632.0 4.432916892992939 1.0 1.0
8484-6104 692.0 5.490590525632706 1.0 1.0
8485-12701 -26.0 0.9493276164490353 0.0 1.0
8485-12702 750.0 6.9952038369304566 1.0 2.0
8485-1901 98.0 1.2172467302150298 0.0 1.0
8485-3701 -798.0 0.11244577911244577 -1.0 1.0
8485-3702 440.0 2.570867547304534 0.0 1.0
8485-6101 298.0 1.848761036741669 0.0 1.0
8485-9102 962.0 51.366492146596855 1.0 2.0
8486-12702 486.0 2.8903150525087513 0.0 1.0
8486-1901 -852.0 0.08001295756397796 -1.0 1.0
8486-6101 334.0 2.0027018913239267 0.0 1.0
8486-9101 -406.0 0.42255724647987486 0.0 1.0
8486-9102 -82.0 0.8484568471631861 0.0 1.0
8547-3703 136.0 1.3147419578801203 0.0 2.0
8547-3704 -1000.0 9.999000099990002e-05 -1.0 1.0
8547-6103 872.0 14.603744149765992 1.0 2.0
8548-12702 766.0 7.5414175918018795 1.0 1.0
8548-1902 436.0 2.5455512229705777 0.0 1.0
8548-3702 -144.0 0.7482957524908233 0.0 1.0
8548-3704 262.0 1.7098347331346517 0.0 1.0
8548-6102 490.0 2.920815366522932 0.0 1.0
8548-6103 770.0 7.689834926151174 1.0 1.0
8548-9102 630.0 4.40356564019449 1.0 1.0
8549-1901 -840.0 0.08705575480925985 -1.0 1.0
8549-6103 462.0 2.7168338907469343 0.0 1.0
8549-6104 -152.0 0.7361569172018747 0.0 1.0
8549-9102 794.0 8.70126091173618 1.0 1.0
8550-12703 278.0 1.7698698421489891 0.0 1.0
8551-12702 998.0 908.2727272727273 1.0 1.0
8551-12703 814.0 9.74328678839957 1.0 2.0
8551-12705 -10.0 0.9802019402098594 0.0 1.0
8552-3701 -916.0 0.0439411334933723 -1.0 1.0
8552-6101 674.0 5.132434089515635 1.0 1.0
8553-1901 -1000.0 9.999000099990002e-05 -1.0 1.0
8553-3704 -68.0 0.872683018161393 0.0 1.0
8553-9102 492.0 2.936245572609209 0.0 3.0
8554-12702 532.0 3.272533105510466 1.0 1.0
8554-3701 -542.0 0.29710802749319154 -1.0 1.0
8554-3704 -690.0 0.1835285764998225 -1.0 1.0
8554-6101 -580.0 0.2659157068725478 -1.0 1.0
8554-9101 764.0 7.46909398814564 1.0 1.0
8555-12702 352.0 2.086084541808084 0.0 3.0
8555-12705 396.0 2.310824230387289 0.0 3.0
8555-9102 896.0 18.197696737044147 1.0 2.0
8566-12702 576.0 3.7157001414427158 1.0 1.0
8566-12704 736.0 6.571536714610144 1.0 1.0
8566-3703 322.0 1.9495723975228545 0.0 1.0
8566-6103 634.0 4.462588749317313 1.0 1.0
8567-3701 896.0 18.197696737044147 1.0 2.0
8567-6101 872.0 14.603744149765992 1.0 1.0
8567-9101 102.0 1.2271209084836339 0.0 1.0
8567-9102 200.0 1.4998750312421893 0.0 2.0
8568-12703 316.0 1.923706518561824 0.0 2.0
8568-3703 -476.0 0.3551009348326785 0.0 1.0
8568-3704 874.0 14.851030110935024 1.0 1.0
8588-1901 -6.0 0.9880739415623137 0.0 1.0
8588-6101 696.0 5.575936883629192 1.0 3.0
8588-9102 770.0 7.689834926151174 1.0 2.0
8591-12705 736.0 6.571536714610144 1.0 3.0
8591-3703 768.0 7.61498708010336 1.0 1.0
8591-9102 874.0 14.851030110935024 1.0 2.0
8592-12701 180.0 1.4389173372348207 0.0 1.0
8592-12702 568.0 3.6284127718648778 1.0 2.0
8592-3702 344.0 2.0484608351112463 0.0 1.0
8592-3703 330.0 1.9847806624888091 0.0 1.0
8592-3704 -254.0 0.5949609312709296 0.0 1.0
8592-9101 962.0 51.366492146596855 1.0 1.0
8595-12703 844.0 11.806658130601793 1.0 2.0
8595-12705 858.0 13.067510548523208 1.0 3.0
8595-6102 894.0 17.836158192090394 1.0 2.0
8595-6103 722.0 6.190510424155284 1.0 1.0
8597-12701 956.0 44.257918552036195 1.0 2.0
8600-12705 934.0 29.21752265861027 1.0 2.0
8600-1901 -296.0 0.5432803579694492 0.0 1.0
8602-3701 784.0 8.25254394079556 1.0 2.0
8602-6103 30.0 1.061842918985776 0.0 2.0
8602-9101 714.0 5.989517819706499 1.0 1.0
8603-12704 82.0 1.1786103245480288 0.0 1.0
8603-9102 870.0 14.364055299539173 1.0 3.0
8604-3702 -96.0 0.8248494800218938 0.0 2.0
8604-9102 -308.0 0.529123987157927 0.0 1.0
8606-12705 40.0 1.083315975838367 0.0 2.0
8611-12701 802.0 9.092835519677095 1.0 2.0
8611-12702 752.0 7.059629331184529 1.0 3.0
8611-3702 60.0 1.1276324186343332 0.0 1.0
8611-6102 -130.0 0.769952220845868 0.0 1.0
8612-9101 -24.0 0.9531341534856473 0.0 1.0
8612-9102 956.0 44.257918552036195 1.0 2.0
8613-12703 52.0 1.1096815017928707 0.0 1.0
8613-1902 -72.0 0.8656966983771684 0.0 3.0
8613-6101 926.0 25.959568733153638 1.0 1.0
8615-12705 600.0 3.9985007496251876 1.0 2.0
8615-1901 -364.0 0.46635390705175195 0.0 1.0
8615-1902 -102.0 0.8149156232988568 0.0 1.0
8615-6102 388.0 2.267559621038876 0.0 3.0
8616-1901 188.0 1.4629401625215464 0.0 1.0
8616-3703 970.0 65.2384105960265 1.0 1.0
8616-3704 376.0 2.204742069849407 0.0 3.0
8616-9101 398.0 2.321819993357688 0.0 3.0
8616-9102 784.0 8.25254394079556 1.0 1.0
8618-3704 -28.0 0.9455358879595409 0.0 1.0
8623-12701 -802.0 0.10997669515037176 -1.0 2.0
8623-9101 166.0 1.3979860944617597 0.0 1.0
8626-12703 908.0 20.69631236442516 1.0 1.0
8626-12704 -1000.0 9.999000099990002e-05 -1.0 1.0
8626-9101 156.0 1.3695806680881308 0.0 2.0
8655-3701 102.0 1.2271209084836339 0.0 3.0
8655-6101 204.0 1.5124340617935192 0.0 1.0
8655-6102 750.0 6.9952038369304566 1.0 1.0
8655-9102 -52.0 0.9011594753849078 0.0 1.0
8711-12703 160.0 1.3808616995953344 0.0 2.0
8711-3701 66.0 1.1412973667308928 0.0 1.0
8711-6103 652.0 4.744974152785756 1.0 1.0
8711-9102 102.0 1.2271209084836339 0.0 2.0
8712-12702 676.0 5.1702652683528685 1.0 1.0
8712-6101 150.0 1.3528581510232887 0.0 1.0
8713-12701 820.0 10.100998890122087 1.0 1.0
8713-12702 -188.0 0.683554957077933 0.0 1.0
8713-1902 -374.0 0.4556833066511425 0.0 1.0
8713-3704 716.0 6.038705137227305 1.0 3.0
8713-9102 406.0 2.3665432514304947 0.0 1.0
8714-12702 -286.0 0.555279116778106 0.0 2.0
8714-12703 612.0 4.1530139103554875 1.0 2.0
8714-6104 -208.0 0.6556861446780334 0.0 1.0
8715-12704 424.0 2.4717112113849358 0.0 1.0
8715-1902 768.0 7.61498708010336 1.0 1.0
8715-9101 996.0 475.2857142857143 1.0 1.0
8715-9102 682.0 5.2866121935889385 1.0 1.0
8716-12701 -1000.0 9.999000099990002e-05 -1.0 2.0
8716-12702 152.0 1.3584060363121906 0.0 1.0
8716-12703 418.0 2.4359326691858465 0.0 1.0
8716-12705 912.0 21.680272108843536 1.0 2.0
8716-1901 -1000.0 9.999000099990002e-05 -1.0 2.0
8716-3701 980.0 98.02970297029704 1.0 3.0
8716-6101 156.0 1.3695806680881308 0.0 1.0
8716-9102 834.0 11.036101083032491 1.0 1.0
8717-3703 -1000.0 9.999000099990002e-05 -1.0 1.0
8717-3704 254.0 1.6807826320021442 0.0 1.0
8718-12703 -64.0 0.8797218567938357 0.0 1.0
8718-12704 -356.0 0.47500368677186255 0.0 1.0
8718-3703 -288.0 0.5528644620400559 0.0 1.0
8718-6104 -38.0 0.9267963783471392 0.0 1.0
8718-9101 356.0 2.1052468177584602 0.0 1.0
8719-3703 630.0 4.40356564019449 1.0 1.0
8719-6104 598.0 3.973644952759821 1.0 1.0
8720-1902 -92.0 0.8315326863211866 0.0 1.0
8720-6102 800.0 8.992007992007993 1.0 1.0
8721-12705 710.0 5.893177119228119 1.0 2.0
8721-3701 114.0 1.2572782667569398 0.0 2.0
8721-9101 734.0 6.5146506386175815 1.0 2.0
8724-1902 348.0 2.0671573137074515 0.0 1.0
8724-6103 -1000.0 9.999000099990002e-05 -1.0 1.0
8724-9101 296.0 1.8406702641295085 0.0 1.0
8724-9102 126.0 1.2882635552505148 0.0 1.0
8725-3701 -228.0 0.6287249633610161 0.0 1.0
8725-3703 360.0 2.1246485473289596 0.0 1.0
8725-6102 28.0 1.0576013166015223 0.0 1.0
8726-3703 24.0 1.0491702519975414 0.0 1.0
8728-12704 832.0 10.892984542211654 1.0 1.0
8728-12705 818.0 9.97914379802415 1.0 1.0
8728-6104 -484.0 0.34779679288505594 0.0 1.0
8931-12701 728.0 6.349008082292433 1.0 1.0
8931-3703 -40.0 0.92309171313209 0.0 1.0
8934-12701 946.0 35.90774907749078 1.0 3.0
8934-3701 116.0 1.2623840760009049 0.0 1.0
8939-1902 -320.0 0.5152249659142555 0.0 1.0
8939-3704 10.0 1.0201979398101393 0.0 1.0
8942-12704 202.0 1.5061388123277373 0.0 1.0
8942-12705 662.0 4.91484328799527 1.0 2.0
8942-1902 638.0 4.522915516289343 1.0 1.0
8942-3703 22.0 1.0449805765692088 0.0 1.0
8942-6102 -842.0 0.08587558354141786 -1.0 1.0
8942-9102 488.0 2.9055056618508392 0.0 1.0
8943-12702 624.0 4.317384370015949 1.0 1.0
8943-12703 390.0 2.2782694198623403 0.0 1.0
8945-12701 194.0 1.481270156288762 0.0 1.0
8945-3702 -414.0 0.4145099703012304 0.0 1.0
8945-9102 728.0 6.349008082292433 1.0 3.0
8946-6101 188.0 1.4629401625215464 0.0 1.0
8946-9101 316.0 1.923706518561824 0.0 1.0
8947-12702 -154.0 0.7331485011263212 0.0 1.0
8947-6103 458.0 2.689413500553301 0.0 1.0
8947-9101 760.0 7.328059950041633 1.0 1.0
8948-6101 -292.0 0.5480575762265903 0.0 1.0
8948-9101 770.0 7.689834926151174 1.0 1.0
8949-12701 226.0 1.5838284680960992 0.0 1.0
8949-12703 658.0 4.845704266510813 1.0 1.0
8952-12705 930.0 27.495726495726494 1.0 1.0
8952-3703 940.0 32.22923588039867 1.0 3.0
8978-3701 342.0 2.039197812215132 0.0 1.0
8978-6101 880.0 15.642262895174708 1.0 3.0
8979-12703 814.0 9.74328678839957 1.0 1.0
8979-3704 790.0 8.51665080875357 1.0 1.0
8980-12701 462.0 2.7168338907469343 0.0 1.0
8987-3701 -476.0 0.3551009348326785 0.0 1.0
9002-12705 804.0 9.195718654434252 1.0 2.0
9026-1902 2.0 1.0040072129833701 0.0 3.0
9026-3701 68.0 1.1458914396052349 0.0 1.0
9026-3703 182.0 1.4448790026888292 0.0 1.0
9026-6102 -410.0 0.4185221954332719 0.0 1.0
9029-1902 -98.0 0.8215261336732835 0.0 1.0
9029-6102 996.0 475.2857142857143 1.0 1.0
9041-6102 390.0 2.2782694198623403 0.0 1.0
9041-6104 568.0 3.6284127718648778 1.0 1.0
9041-9102 588.0 3.8529839883551675 1.0 1.0
9042-12702 870.0 14.364055299539173 1.0 3.0
9042-6102 204.0 1.5124340617935192 0.0 3.0
9049-3702 502.0 3.0152549177037336 1.0 1.0
9049-3704 -440.0 0.38897375364532705 0.0 1.0
9049-9102 662.0 4.91484328799527 1.0 2.0
